1305031526.6714730 1.5015000 0.9306000 1.4503000 0.8703087 0.1493015 -0.1216012 -0.4533045
1305031526.7075469 1.5043118 0.9294691 1.4532086 0.8661083 0.1403170 -0.1150273 -0.4657642
1305031526.7714810 1.5043447 0.9309443 1.4547992 0.8664138 0.1382405 -0.1159576 -0.4655861
1305031526.8074551 1.5045336 0.9337169 1.4573211 0.8664227 0.1388193 -0.1160844 -0.4653657
1305031526.8714459 1.5043532 0.9395494 1.4583134 0.8661532 0.1379054 -0.1167677 -0.4659679
1305031526.9074841 1.5061008 0.9520105 1.4602079 0.8662796 0.1369103 -0.1189170 -0.4654825
1305031526.9396181 1.5103517 0.9767364 1.4571535 0.8661246 0.1368780 -0.1235251 -0.4645795
1305031526.9715099 1.5166839 0.9924932 1.4543630 0.8600250 0.1308806 -0.1254178 -0.4769671
1305031527.0075951 1.5226411 0.9631172 1.4763842 0.8521089 0.1276504 -0.1157716 -0.4941788
1305031527.0395119 1.5160912 0.9497853 1.4794199 -0.8441230 -0.1218962 0.1087248 0.5106630
1305031527.0714869 1.5146629 0.9316425 1.4793401 -0.8359417 -0.1145998 0.1029418 0.5267555
1305031527.1074979 1.5152789 0.9249730 1.4776028 -0.8316777 -0.1093360 0.1004564 0.5350386
1305031527.1394730 1.5169596 0.9198603 1.4797597 -0.8254841 -0.1070920 0.0969075 0.5456337
1305031527.1715400 1.5183794 0.9096383 1.4809631 -0.8215254 -0.1029450 0.0926271 0.5530990
1305031527.2075880 1.5222176 0.8916115 1.4850774 -0.8204752 -0.0993751 0.0900820 0.5557250
1305031527.2715011 1.5191357 0.8875554 1.4866102 -0.8244776 -0.0952227 0.0901918 0.5504860
1305031527.3074720 1.5185312 0.8871493 1.4852141 -0.8303901 -0.0951709 0.0924365 0.5411564
1305031527.3396361 1.5184513 0.8881064 1.4781439 -0.8358749 -0.0943030 0.0967847 0.5320271
1305031527.3715050 1.5168396 0.8880826 1.4713442 -0.8411782 -0.0940548 0.0981788 0.5233869
1305031527.4074121 1.5169992 0.8896235 1.4660573 -0.8468771 -0.0935793 0.0981297 0.5142107
1305031527.4394760 1.5162035 0.8908508 1.4621690 -0.8530153 -0.0927270 0.0973454 0.5042721
1305031527.4714971 1.5153297 0.8937000 1.4574194 0.8581546 0.0930762 -0.0974139 -0.4953968
1305031527.5074871 1.5141148 0.8940014 1.4532989 0.8632017 0.0943490 -0.0971187 -0.4863630
1305031527.5397410 1.5122896 0.8928863 1.4482635 0.8683720 0.0953479 -0.0953862 -0.4772216
1305031527.5715060 1.5098204 0.8908617 1.4407782 0.8740677 0.0969336 -0.0932995 -0.4668027
1305031527.6075590 1.5072857 0.8931557 1.4354463 0.8806539 0.0993294 -0.0914849 -0.4541067
1305031527.6715469 1.5029282 0.8963392 1.4288554 0.8914955 0.0987610 -0.0949486 -0.4318181
1305031527.7075200 1.4897533 0.9004945 1.4261491 0.9005318 0.1118031 -0.0983983 -0.4084854
1305031527.7714610 1.4827436 0.9006713 1.4200305 0.9068019 0.1166936 -0.1080373 -0.3904111
1305031527.8075809 1.4687466 0.8937736 1.4133232 0.9094792 0.1172019 -0.1118630 -0.3828811
1305031527.8396010 1.4677879 0.8966403 1.4158164 0.9106134 0.1218769 -0.1211101 -0.3758478
1305031527.8714640 1.4640596 0.8942645 1.4138191 0.9112381 0.1308459 -0.1318127 -0.3676275
1305031527.9074769 1.4526605 0.8906775 1.4099227 0.9117097 0.1394842 -0.1406736 -0.3599174
1305031527.9395659 1.4447556 0.8957787 1.4088952 0.9090154 0.1531048 -0.1538114 -0.3557977
1305031527.9715021 1.4388067 0.8897084 1.4080702 0.9023026 0.1702910 -0.1665238 -0.3593338
1305031528.0395601 1.4316026 0.8963460 1.3997699 0.8921394 0.1963444 -0.1895458 -0.3600118
1305031528.0715461 1.4146703 0.8795762 1.4052335 0.8778686 0.2279488 -0.2047310 -0.3680642
1305031528.1075130 1.4078434 0.8728076 1.4076435 0.8677919 0.2468162 -0.2173067 -0.3725545
1305031528.1395130 1.4049634 0.8655342 1.4084848 0.8561608 0.2670444 -0.2306102 -0.3774850
1305031528.1715231 1.4031814 0.8636999 1.4085298 0.8458121 0.2863698 -0.2404610 -0.3804901
1305031528.2075269 1.3980634 0.8627924 1.4115171 0.8356394 0.3030714 -0.2467255 -0.3859806
1305031528.2394929 1.3911809 0.8512094 1.4166916 0.8249438 0.3165229 -0.2503116 -0.3957589
1305031528.2754500 1.3811788 0.8339303 1.4240607 0.8147821 0.3297832 -0.2560920 -0.4022313
1305031528.3076651 1.3677641 0.8203784 1.4314861 0.8010001 0.3455481 -0.2705767 -0.4071653
1305031528.3395929 1.3628314 0.8063598 1.4385442 0.7861446 0.3588981 -0.2897480 -0.4113573
1305031528.3754351 1.3581377 0.7923033 1.4480194 0.7733716 0.3706154 -0.3092564 -0.4109757
1305031528.4074590 1.3526648 0.7797814 1.4545338 0.7578336 0.3830492 -0.3338263 -0.4092939
1305031528.4394691 1.3501072 0.7682081 1.4597091 0.7418691 0.3954771 -0.3583387 -0.4059820
1305031528.4753420 1.3490438 0.7612493 1.4631958 0.7263728 0.4075618 -0.3833272 -0.3991695
1305031528.5396259 1.3484019 0.7558327 1.4682607 0.7084492 0.4175719 -0.4146147 -0.3896512
1305031528.5754490 1.3432540 0.7526591 1.4719057 0.6918384 0.4271241 -0.4461791 -0.3739637
1305031528.6078410 1.3344099 0.7498913 1.4773943 0.6773759 0.4341626 -0.4785281 -0.3516754
1305031528.6394870 1.3272672 0.7291613 1.4822240 0.6651877 0.4433097 -0.4942731 -0.3416079
1305031528.7074471 1.3215041 0.7163709 1.4870345 0.6522477 0.4537591 -0.5118015 -0.3267029
1305031528.7396090 1.3190997 0.6993435 1.4962158 0.6412008 0.4623068 -0.5277255 -0.3108693
1305031528.7754431 1.3266943 0.6795201 1.5075984 0.6303467 0.4728802 -0.5391895 -0.2971904
1305031528.8075590 1.3463569 0.6647510 1.5234771 0.6232104 0.4799155 -0.5491835 -0.2822896
1305031528.8395720 1.3741868 0.6581736 1.5467285 0.6182179 0.4858295 -0.5577923 -0.2657895
1305031528.8754330 1.4069910 0.6542250 1.5806328 0.6225509 0.4902101 -0.5592815 -0.2435745
1305031528.9075191 1.4371490 0.6589526 1.6210031 0.6294604 0.4943423 -0.5579869 -0.2192167
1305031528.9396019 1.4517643 0.6767116 1.6569901 0.6371429 0.4945566 -0.5583211 -0.1942687
1305031528.9754651 1.4472157 0.6705423 1.6681734 0.6436975 0.4960917 -0.5555687 -0.1757555
1305031529.0074871 1.4515520 0.6436230 1.6622182 0.6485761 0.4991011 -0.5496379 -0.1677657
1305031529.0394940 1.4477962 0.6245536 1.6583921 0.6568860 0.5011502 -0.5421150 -0.1531688
1305031529.0754220 1.4409943 0.6083125 1.6587770 0.6712314 0.4967771 -0.5323000 -0.1389878
1305031529.1075230 1.4391802 0.5911505 1.6642603 0.6886596 0.4882540 -0.5207104 -0.1273443
1305031529.1395969 1.4403911 0.5710830 1.6717966 0.7076479 0.4758774 -0.5097804 -0.1135737
1305031529.1754110 1.4407810 0.5488353 1.6773160 0.7258029 0.4627093 -0.4993246 -0.0989197
1305031529.2074659 1.4387122 0.5265480 1.6858935 0.7425193 0.4543454 -0.4853350 -0.0817630
1305031529.2395151 1.4351064 0.5030255 1.6914630 0.7552547 0.4508544 -0.4708058 -0.0682829
1305031529.2753890 1.4312163 0.4823278 1.6959735 0.7661190 0.4513009 -0.4540065 -0.0571600
1305031529.3074131 1.4230428 0.4634316 1.7083401 0.7783855 0.4501426 -0.4352693 -0.0450360
1305031529.3394859 1.4203681 0.4366478 1.7195667 0.7881501 0.4495489 -0.4189149 -0.0351502
1305031529.3753991 1.4095789 0.4180418 1.7255140 0.7918973 0.4511531 -0.4109354 -0.0221733
1305031529.4075129 1.4015723 0.4011833 1.7343157 0.7927292 0.4548890 -0.4055479 -0.0136874
1305031529.4395020 1.3961250 0.3828540 1.7439607 0.7957437 0.4540497 -0.4007274 -0.0069561
1305031529.4754031 1.3893572 0.3649110 1.7583198 0.7977972 0.4543475 -0.3961770 -0.0114758
1305031529.5074849 1.3780735 0.3537986 1.7679852 0.7972271 0.4573442 -0.3937456 -0.0151503
1305031529.5394890 1.3711828 0.3408813 1.7821122 0.8004619 0.4553040 -0.3890390 -0.0246526
1305031529.6074791 1.3588314 0.3069143 1.8059950 0.8094007 0.4482250 -0.3778709 -0.0343285
1305031529.6397460 1.3497986 0.2919400 1.8178926 0.8156554 0.4422809 -0.3714868 -0.0330376
1305031529.6756179 1.3410848 0.2788636 1.8263950 0.8227568 0.4340780 -0.3657219 -0.0299170
1305031529.7075570 1.3305650 0.2690467 1.8329425 0.8288790 0.4267014 -0.3610203 -0.0234484
1305031529.7395680 1.3223322 0.2607873 1.8367985 0.8338287 0.4210382 -0.3564621 -0.0197796
1305031529.7755010 1.3104561 0.2558661 1.8408151 0.8404822 0.4158913 -0.3469745 -0.0152583
1305031529.8075161 1.2934890 0.2543826 1.8441083 0.8478973 0.4086999 -0.3372793 -0.0166513
1305031529.8395050 1.2821421 0.2419484 1.8573557 0.8558993 0.4007597 -0.3257540 -0.0266922
1305031529.8754950 1.2659461 0.2351624 1.8709623 0.8637931 0.3911723 -0.3165834 -0.0249131
1305031529.9394979 1.2527506 0.2263543 1.8880404 0.8745217 0.3717360 -0.3104122 -0.0258551
1305031529.9755011 1.2392926 0.2253715 1.9124505 0.8864249 0.3470396 -0.3057798 -0.0176970
1305031530.0074091 1.2259274 0.2305131 1.9434885 0.8977169 0.3236448 -0.2988737 -0.0057349
1305031530.0394540 1.2085254 0.2256696 1.9578249 0.9029681 0.3108464 -0.2966859 0.0007360
1305031530.0754430 1.1945989 0.2176513 1.9739252 0.9071997 0.2994714 -0.2954322 0.0050382
1305031530.1074450 1.1755061 0.2187202 1.9899289 0.9108620 0.2897873 -0.2935632 0.0132084
1305031530.1394970 1.1637281 0.2172052 2.0079586 0.9133768 0.2788417 -0.2963553 0.0127940
1305031530.1754100 1.1520255 0.2142913 2.0272261 0.9149471 0.2731989 -0.2968216 0.0114511
1305031530.2074859 1.1371381 0.2156348 2.0448149 0.9162281 0.2693495 -0.2964871 0.0085025
1305031530.2394459 1.1267332 0.2154690 2.0662951 0.9172604 0.2664722 -0.2960164 -0.0003277
1305031530.2754071 1.1188492 0.2124941 2.0875403 0.9181037 0.2657634 -0.2938772 -0.0095684
1305031530.3075440 1.1097874 0.2110597 2.1072423 0.9195598 0.2640363 -0.2905430 -0.0167134
1305031530.3397241 1.1039425 0.2073574 2.1292215 0.9214597 0.2619790 -0.2858254 -0.0241416
1305031530.3753860 1.0950787 0.2020510 2.1490189 0.9238394 0.2620681 -0.2776653 -0.0272589
1305031530.4074650 1.0805800 0.2074176 2.1701566 0.9263074 0.2611902 -0.2701745 -0.0272023
1305031530.4395530 1.0716613 0.2068589 2.1918726 0.9280950 0.2593657 -0.2649586 -0.0341477
1305031530.4754391 1.0625775 0.2041081 2.2148033 0.9302508 0.2565703 -0.2592100 -0.0401903
1305031530.5074611 1.0581529 0.2107392 2.2342705 0.9320971 0.2531584 -0.2553661 -0.0435204
1305031530.5395319 1.0511230 0.2221858 2.2533908 0.9347700 0.2497479 -0.2475011 -0.0507378
1305031530.5754330 1.0462797 0.2288898 2.2788407 0.9379486 0.2442742 -0.2360586 -0.0697054
1305031530.6075590 1.0456746 0.2333473 2.3059240 0.9413772 0.2377940 -0.2226989 -0.0875679
1305031530.6395071 1.0469665 0.2345927 2.3310823 0.9452258 0.2301632 -0.2056771 -0.1061600
1305031530.6754010 1.0406328 0.2335107 2.3568694 0.9499572 0.2198361 -0.1827273 -0.1259530
1305031530.7395220 1.0259834 0.2186857 2.3896519 0.9539601 0.2094347 -0.1550571 -0.1485075
1305031530.7754371 1.0128787 0.2096729 2.4143478 0.9587478 0.1943571 -0.1284863 -0.1628473
1305031530.8074670 1.0050486 0.1930568 2.4382500 0.9622689 0.1789268 -0.1060691 -0.1754226
1305031530.8394630 0.9894040 0.1689330 2.4572035 0.9659754 0.1641288 -0.0853933 -0.1807244
1305031530.8754010 0.9682788 0.1546306 2.4711424 0.9694673 0.1527966 -0.0721688 -0.1777023
1305031530.9394619 0.9509386 0.1359650 2.4820811 0.9702538 0.1479100 -0.0620668 -0.1813227
1305031530.9752860 0.9324119 0.1244249 2.4842856 0.9718470 0.1398430 -0.0578764 -0.1805762
1305031531.0396891 0.9135146 0.1122450 2.4890425 0.9731630 0.1343451 -0.0536494 -0.1789604
1305031531.0753250 0.8937020 0.1023545 2.4947129 0.9744385 0.1303169 -0.0492332 -0.1762474
1305031531.1395810 0.8766225 0.0995838 2.4941882 0.9763113 0.1240916 -0.0475282 -0.1707590
1305031531.1753550 0.8601280 0.0987922 2.4969044 0.9782467 0.1180099 -0.0531169 -0.1621287
1305031531.2396190 0.8456212 0.0979051 2.5012997 0.9800446 0.1122772 -0.0597348 -0.1527684
1305031531.2755151 0.8321991 0.0948218 2.5107239 0.9816302 0.1061194 -0.0674359 -0.1435036
1305031531.3395951 0.8204880 0.0920041 2.5220171 0.9827776 0.0973994 -0.0784139 -0.1360618
1305031531.3754339 0.8113481 0.0879843 2.5393417 0.9832507 0.0921244 -0.0897396 -0.1291433
1305031531.4396441 0.8068345 0.0845428 2.5521910 0.9834663 0.0843040 -0.0998024 -0.1254046
1305031531.4753239 0.8008392 0.0847602 2.5628142 0.9837502 0.0765044 -0.1025787 -0.1259378
1305031531.5076020 0.7939587 0.0884419 2.5553583 0.9838309 0.0670511 -0.1016839 -0.1313058
1305031531.5394869 0.7838756 0.0918945 2.5388020 0.9840812 0.0565026 -0.1044172 -0.1322448
1305031531.5753920 0.7612816 0.0954239 2.5297415 0.9845366 0.0482963 -0.1025822 -0.1335365
1305031531.6074190 0.7391017 0.0935949 2.5215398 0.9850033 0.0426530 -0.0982834 -0.1352390
1305031531.6395209 0.7174240 0.0973736 2.5138339 0.9859568 0.0388208 -0.0921088 -0.1337835
1305031531.6754439 0.6913861 0.1025553 2.5094066 0.9865687 0.0324700 -0.0857832 -0.1351633
1305031531.7074981 0.6658158 0.0982654 2.5030612 0.9864577 0.0314669 -0.0815875 -0.1387605
1305031531.7396569 0.6454014 0.1041404 2.4966729 0.9868687 0.0323604 -0.0784170 -0.1374544
1305031531.7754419 0.6217761 0.1035990 2.4925298 0.9866247 0.0329460 -0.0725338 -0.1422149
1305031531.8395450 0.5803983 0.0923444 2.4923872 0.9861239 0.0337563 -0.0666614 -0.1482444
1305031531.8754261 0.5411391 0.0865605 2.4844804 0.9866558 0.0357437 -0.0588669 -0.1475375
1305031531.9074271 0.5223196 0.0875726 2.4776847 0.9882718 0.0353471 -0.0555019 -0.1378006
1305031531.9395640 0.5057382 0.0824004 2.4694273 0.9897644 0.0323224 -0.0499248 -0.1297271
1305031531.9754879 0.4863453 0.0819641 2.4630882 0.9916131 0.0276452 -0.0423725 -0.1189279
1305031532.0396750 0.4618752 0.0829824 2.4512530 0.9947388 0.0159462 -0.0313667 -0.0962108
1305031532.0755250 0.4342794 0.0671787 2.4358699 0.9963248 0.0017568 -0.0200820 -0.0832492
1305031532.1073980 0.4155329 0.0633517 2.4257018 0.9976394 -0.0131593 -0.0121033 -0.0663027
1305031532.1395199 0.3980121 0.0589012 2.4152833 0.9980715 -0.0309504 -0.0076131 -0.0532672
1305031532.1755631 0.3787256 0.0540697 2.4034293 0.9979838 -0.0491520 -0.0027369 -0.0400613
1305031532.2074649 0.3596129 0.0537394 2.3924360 0.9972226 -0.0702578 0.0011122 -0.0246906
1305031532.2399659 0.3395554 0.0501582 2.3823728 0.9959776 -0.0882700 0.0043622 -0.0147613
1305031532.2755139 0.3181008 0.0435800 2.3713151 0.9945293 -0.1038550 0.0099495 -0.0051569
1305031532.3074811 0.2966859 0.0413510 2.3621288 0.9925291 -0.1207494 0.0162966 0.0063233
1305031532.3397770 0.2770309 0.0400988 2.3518144 0.9903779 -0.1360986 0.0167841 0.0186312
1305031532.3754959 0.2543095 0.0426750 2.3453393 0.9880991 -0.1499120 0.0134124 0.0317283
1305031532.4074481 0.2333478 0.0418299 2.3301067 0.9862544 -0.1603469 0.0068268 0.0393008
1305031532.4395330 0.2129633 0.0423840 2.3131236 0.9846339 -0.1694864 0.0028945 0.0419772
1305031532.4754281 0.1915366 0.0581281 2.3043370 0.9822908 -0.1799083 0.0013279 0.0523067
1305031532.5074151 0.1603670 0.0873134 2.3076342 0.9781737 -0.1967465 0.0044272 0.0666893
1305031532.5394580 0.1200980 0.1049985 2.3113532 0.9752259 -0.2129480 0.0132422 0.0584142
1305031532.5754349 0.0877111 0.0925736 2.3122030 0.9777289 -0.2069086 0.0163024 0.0311330
1305031532.6074340 0.0606518 0.0902361 2.3122802 0.9798625 -0.1977462 0.0230814 0.0152670
1305031532.6395919 0.0491329 0.0943376 2.2959765 0.9787517 -0.2020070 0.0333503 0.0112314
1305031532.6754520 0.0350277 0.1042889 2.2909487 0.9766679 -0.2086354 0.0498700 0.0101967
1305031532.7073081 0.0216270 0.1247020 2.2885353 0.9731327 -0.2200822 0.0642459 0.0211907
1305031532.7400520 0.0119129 0.1349044 2.2797708 0.9699713 -0.2295580 0.0736417 0.0321838
1305031532.7757609 0.0067660 0.1362022 2.2650016 0.9673477 -0.2380379 0.0794140 0.0356328
1305031532.8074291 0.0012946 0.1309420 2.2518715 0.9663548 -0.2407425 0.0861934 0.0277894
1305031532.8397169 -0.0054961 0.1327291 2.2417022 0.9643732 -0.2444323 0.0984516 0.0233332
1305031532.8754759 -0.0101446 0.1418327 2.2336814 0.9603397 -0.2536138 0.1136856 0.0224338
1305031532.9075770 -0.0176029 0.1574541 2.2312712 0.9547444 -0.2677874 0.1270031 0.0249635
1305031532.9395230 -0.0174022 0.1670277 2.2219843 0.9495929 -0.2829942 0.1327822 0.0235918
1305031532.9754241 -0.0177841 0.1744537 2.2116568 0.9444517 -0.2976563 0.1383379 0.0165615
1305031533.0074019 -0.0169007 0.1843112 2.2024337 0.9386612 -0.3126274 0.1450326 0.0120333
1305031533.0395050 -0.0178587 0.1922448 2.1940540 0.9326204 -0.3264580 0.1537233 0.0036727
1305031533.0755000 -0.0220282 0.2004961 2.1931500 0.9254958 -0.3417763 0.1632325 0.0012818
1305031533.1074800 -0.0198051 0.2049331 2.1826180 0.9191986 -0.3535506 0.1733624 0.0046200
1305031533.1395140 -0.0174584 0.2091382 2.1786361 0.9135824 -0.3631503 0.1829716 -0.0032164
1305031533.1754589 -0.0218169 0.2250673 2.1847021 0.9098927 -0.3666134 0.1940301 -0.0064896
1305031533.2075069 -0.0243586 0.2356381 2.1927612 0.9057060 -0.3730748 0.2012558 -0.0028104
1305031533.2395110 -0.0215899 0.2408288 2.1921686 0.9012373 -0.3787366 0.2104891 -0.0049227
1305031533.2754049 -0.0249606 0.2523149 2.2085972 0.8988666 -0.3803408 0.2174675 -0.0093605
1305031533.3075020 -0.0274755 0.2633763 2.2139380 0.8957964 -0.3832800 0.2247498 -0.0115253
1305031533.3395219 -0.0296265 0.2722050 2.2253647 0.8923931 -0.3858096 0.2331665 -0.0204654
1305031533.3756540 -0.0322721 0.2890057 2.2408667 0.8888596 -0.3891909 0.2404166 -0.0256710
1305031533.4074831 -0.0434797 0.3123159 2.2541835 0.8849008 -0.3933042 0.2475729 -0.0311453
1305031533.4397740 -0.0494898 0.3199963 2.2632744 0.8833043 -0.3964977 0.2468559 -0.0403144
1305031533.4756539 -0.0581321 0.3293438 2.2741927 0.8801068 -0.4011364 0.2487661 -0.0511569
1305031533.5074630 -0.0660838 0.3331751 2.2815310 0.8768749 -0.4062428 0.2501996 -0.0587995
1305031533.5396399 -0.0704321 0.3383606 2.2886303 0.8724555 -0.4125178 0.2527089 -0.0692010
1305031533.5756431 -0.0780977 0.3443848 2.2983161 0.8683498 -0.4166472 0.2574648 -0.0780107
1305031533.6076391 -0.0849921 0.3455989 2.3042512 0.8627194 -0.4214010 0.2668268 -0.0833056
1305031533.6395609 -0.0938689 0.3520773 2.3098546 0.8564139 -0.4273376 0.2767721 -0.0856443
1305031533.6754460 -0.1070847 0.3582923 2.3143066 0.8510306 -0.4331678 0.2846280 -0.0842583
1305031533.7075009 -0.1125746 0.3615901 2.3126390 0.8447691 -0.4386986 0.2955837 -0.0808636
1305031533.7395549 -0.1167583 0.3687314 2.3152675 0.8381001 -0.4424135 0.3098454 -0.0765139
1305031533.7755301 -0.1332830 0.3798755 2.3184370 0.8312825 -0.4453579 0.3244616 -0.0731465
1305031533.8077071 -0.1453283 0.4008975 2.3115806 0.8236613 -0.4524435 0.3354192 -0.0661129
1305031533.8393290 -0.1618619 0.4307697 2.3066807 0.8198880 -0.4561146 0.3390220 -0.0693342
1305031533.8754711 -0.1883019 0.4627634 2.3174458 0.8245193 -0.4547847 0.3283714 -0.0742363
1305031533.9074409 -0.1992347 0.4962646 2.3304882 0.8332039 -0.4530706 0.3070713 -0.0787752
1305031533.9395299 -0.2088408 0.5088146 2.3300146 0.8441544 -0.4478746 0.2791215 -0.0943544
1305031533.9754391 -0.2138411 0.5172370 2.3125017 0.8547388 -0.4410223 0.2507784 -0.1096867
1305031534.0073230 -0.2165304 0.5221670 2.2933555 0.8659096 -0.4262876 0.2281982 -0.1280820
1305031534.0394580 -0.2223809 0.5297339 2.2812599 0.8742795 -0.4114952 0.2102483 -0.1486698
1305031534.0754840 -0.2298890 0.5360696 2.2735266 0.8796300 -0.4009598 0.1949382 -0.1657752
1305031534.1074419 -0.2209880 0.5408255 2.2566624 0.8841834 -0.3886390 0.1797832 -0.1867018
1305031534.1395290 -0.2183269 0.5438283 2.2392096 0.8857338 -0.3739755 0.1770290 -0.2104252
1305031534.1753809 -0.2201309 0.5482968 2.2240781 0.8864174 -0.3603122 0.1812490 -0.2271300
1305031534.2074361 -0.2269905 0.5608824 2.2353862 0.8858179 -0.3544794 0.1845053 -0.2358577
1305031534.2395289 -0.2375372 0.5710499 2.2423755 0.8853000 -0.3483649 0.1847969 -0.2464466
1305031534.2754750 -0.2508726 0.5817667 2.2454044 0.8878293 -0.3403010 0.1836671 -0.2494409
1305031534.3079450 -0.2492872 0.5911384 2.2281752 0.8885431 -0.3367939 0.1806746 -0.2538065
1305031534.3398590 -0.2429186 0.5976020 2.2228612 0.8885770 -0.3324304 0.1809100 -0.2592153
1305031534.3754780 -0.2350544 0.6057879 2.2225761 0.8886402 -0.3266713 0.1817529 -0.2656508
1305031534.4075949 -0.2296500 0.6111450 2.2214469 0.8876242 -0.3213127 0.1866112 -0.2721354
1305031534.4395430 -0.2286607 0.6205945 2.2252251 0.8853061 -0.3185954 0.1912905 -0.2795319
1305031534.4756050 -0.2346411 0.6338871 2.2286523 0.8828182 -0.3131645 0.1930176 -0.2920689
1305031534.5075250 -0.2463275 0.6391007 2.2280380 0.8829007 -0.3064766 0.1942915 -0.2980090
1305031534.5395820 -0.2480710 0.6480774 2.2252606 0.8830741 -0.3065421 0.1892572 -0.3006557
1305031534.5754139 -0.2396982 0.6537888 2.2223969 0.8831239 -0.3023894 0.1810250 -0.3096494
1305031534.6074941 -0.2426106 0.6559874 2.2192410 0.8838261 -0.2970262 0.1755198 -0.3159424
1305031534.6396959 -0.2468374 0.6589036 2.2151274 0.8860792 -0.2932231 0.1669950 -0.3177994
1305031534.6755109 -0.2421208 0.6583631 2.2082343 0.8885813 -0.2902405 0.1572116 -0.3185410
1305031534.7074809 -0.2279902 0.6562570 2.2051859 0.8899361 -0.2889006 0.1481099 -0.3203335
1305031534.7396650 -0.2217425 0.6538976 2.2015340 0.8907876 -0.2853772 0.1427415 -0.3235463
1305031534.7754910 -0.2177401 0.6494538 2.1956595 0.8930726 -0.2789950 0.1399693 -0.3240243
1305031534.8075161 -0.2177141 0.6546744 2.1917641 0.8938950 -0.2764171 0.1370471 -0.3252128
1305031534.8395691 -0.2134621 0.6551334 2.1895501 0.8946628 -0.2733944 0.1307997 -0.3282156
1305031534.8754990 -0.2079820 0.6587962 2.1891375 0.8956717 -0.2673799 0.1246246 -0.3327895
1305031534.9074581 -0.2018153 0.6465646 2.1871785 0.8971920 -0.2548223 0.1200250 -0.3401561
1305031534.9395559 -0.1902916 0.6387009 2.1890139 0.8986572 -0.2480908 0.1228689 -0.3402490
1305031534.9754641 -0.1831419 0.6436749 2.1954807 0.8966167 -0.2446921 0.1350221 -0.3434723
1305031535.0076430 -0.2014589 0.6525463 2.2039237 0.8946986 -0.2385886 0.1450834 -0.3486270
1305031535.0396550 -0.2202489 0.6553750 2.2092454 0.8946151 -0.2327555 0.1446584 -0.3529344
1305031535.0754900 -0.2191942 0.6485380 2.2074248 0.8966195 -0.2301261 0.1356714 -0.3531413
1305031535.1077960 -0.2117504 0.6394408 2.2022909 0.8962452 -0.2311669 0.1297830 -0.3556162
1305031535.1394651 -0.2110143 0.6305658 2.1960441 0.8952133 -0.2333492 0.1233792 -0.3590526
1305031535.1754060 -0.2149203 0.6340335 2.1938132 0.8975918 -0.2328888 0.1133515 -0.3567116
1305031535.2075140 -0.2245892 0.6333660 2.1952609 0.9004646 -0.2301488 0.1009389 -0.3549737
1305031535.2395110 -0.2251698 0.6366933 2.1956932 0.9039637 -0.2284429 0.0874414 -0.3507384
1305031535.2755370 -0.2239114 0.6392807 2.1979659 0.9066059 -0.2253238 0.0740464 -0.3490158
1305031535.3074090 -0.2191353 0.6371341 2.2005402 0.9092850 -0.2203706 0.0633074 -0.3473179
1305031535.3394680 -0.2249207 0.6412802 2.2009768 0.9112935 -0.2167006 0.0566063 -0.3455153
1305031535.3754921 -0.2278269 0.6414035 2.2035789 0.9140078 -0.2095552 0.0457202 -0.3443631
1305031535.4077120 -0.2253144 0.6423163 2.2031340 0.9162390 -0.2026439 0.0373385 -0.3435802
1305031535.4396181 -0.2273576 0.6478029 2.2065231 0.9177317 -0.1948257 0.0301370 -0.3448236
1305031535.4755950 -0.2285888 0.6530393 2.2101134 0.9188049 -0.1840525 0.0237128 -0.3483677
1305031535.5077009 -0.2302789 0.6534543 2.2128829 0.9189120 -0.1723030 0.0178471 -0.3543922
1305031535.5395150 -0.2258490 0.6551570 2.2169215 0.9186042 -0.1622063 0.0130365 -0.3601187
1305031535.5755670 -0.2228508 0.6407147 2.2213566 0.9179404 -0.1529314 0.0114915 -0.3658760
1305031535.6075239 -0.2191731 0.6244492 2.2160492 0.9187808 -0.1469179 0.0115253 -0.3662295
1305031535.6395910 -0.2208799 0.6258849 2.2176634 0.9194839 -0.1443159 0.0140655 -0.3654099
1305031535.6754999 -0.2238704 0.6171892 2.2160362 0.9204903 -0.1419553 0.0144109 -0.3637838
1305031535.7075241 -0.2243246 0.6064743 2.2119082 0.9230652 -0.1419364 0.0141329 -0.3572184
1305031535.7397079 -0.2227621 0.6060320 2.2101928 0.9255098 -0.1438621 0.0143399 -0.3500423
1305031535.7754371 -0.2177844 0.5970504 2.2042768 0.9278310 -0.1434017 0.0149976 -0.3440067
1305031535.8074961 -0.2091576 0.5961240 2.2088467 0.9310672 -0.1476752 0.0163874 -0.3332228
1305031535.8400531 -0.2061406 0.5941871 2.2107146 0.9317514 -0.1543654 0.0172782 -0.3281951
1305031535.8755021 -0.2023866 0.5859971 2.2077250 0.9331656 -0.1593833 0.0174752 -0.3217042
1305031535.9074869 -0.1919045 0.5795478 2.2007346 0.9336788 -0.1636593 0.0192960 -0.3179421
1305031535.9397471 -0.1879627 0.5707159 2.1976712 0.9343863 -0.1696684 0.0268028 -0.3121163
1305031535.9755120 -0.1895598 0.5648245 2.2008703 0.9362237 -0.1766229 0.0365265 -0.3015881
1305031536.0074620 -0.1893118 0.5638369 2.2043544 0.9393393 -0.1835885 0.0451612 -0.2861773
1305031536.0396669 -0.1824157 0.5603442 2.2050524 0.9413034 -0.1924367 0.0523104 -0.2723595
1305031536.0755379 -0.1777904 0.5527863 2.2032733 0.9425610 -0.2015119 0.0601107 -0.2595351
1305031536.1075790 -0.1690583 0.5405671 2.1974259 0.9439891 -0.2099078 0.0674784 -0.2454996
1305031536.1395400 -0.1580054 0.5332157 2.1951134 0.9438767 -0.2220998 0.0770019 -0.2320326
1305031536.1756990 -0.1509010 0.5259991 2.1957519 0.9428988 -0.2354073 0.0881107 -0.2185446
1305031536.2074740 -0.1468492 0.5153881 2.1985303 0.9412034 -0.2477681 0.1016998 -0.2059230
1305031536.2394819 -0.1423230 0.5072275 2.1991918 0.9384144 -0.2629085 0.1159650 -0.1918582
1305031536.2756181 -0.1340273 0.5007677 2.1997022 0.9340396 -0.2809970 0.1295796 -0.1783813
1305031536.3074720 -0.1278862 0.4937921 2.2023854 0.9290428 -0.2967604 0.1438359 -0.1677022
1305031536.3395300 -0.1258373 0.4857542 2.2074439 0.9230774 -0.3130943 0.1577317 -0.1581795
1305031536.3757861 -0.1217192 0.4805272 2.2068843 0.9161688 -0.3305366 0.1719582 -0.1476842
1305031536.4076650 -0.1156114 0.4712888 2.2077420 0.9091578 -0.3452089 0.1848956 -0.1416919
1305031536.4395461 -0.1156451 0.4634388 2.2149482 0.9013727 -0.3610635 0.1982808 -0.1335856
1305031536.4754920 -0.1154116 0.4591273 2.2211626 0.8952123 -0.3736620 0.2086709 -0.1242103
1305031536.5076480 -0.1145358 0.4562992 2.2253356 0.8897167 -0.3849205 0.2156004 -0.1172897
1305031536.5395830 -0.1158761 0.4521799 2.2341206 0.8857245 -0.3944955 0.2173843 -0.1122917
1305031536.5756600 -0.1152680 0.4483255 2.2362739 0.8831899 -0.4025176 0.2155990 -0.1071089
1305031536.6076241 -0.1134686 0.4409505 2.2361090 0.8796450 -0.4104884 0.2160086 -0.1051863
1305031536.6398380 -0.1164268 0.4327380 2.2411577 0.8762178 -0.4183025 0.2160932 -0.1028062
1305031536.6754560 -0.1161568 0.4270096 2.2455243 0.8751062 -0.4249666 0.2101386 -0.0971306
1305031536.7074721 -0.1145951 0.4174027 2.2422131 0.8755795 -0.4259148 0.2071628 -0.0950825
1305031536.7397220 -0.1104765 0.4044857 2.2406257 0.8757474 -0.4256229 0.2081956 -0.0925542
1305031536.7753210 -0.1107432 0.3959958 2.2454557 0.8760440 -0.4235220 0.2119968 -0.0907382
1305031536.8073010 -0.1147206 0.3897918 2.2532595 0.8788610 -0.4180859 0.2118365 -0.0890664
1305031536.8395269 -0.1155228 0.3787557 2.2558395 0.8816587 -0.4135827 0.2100019 -0.0867552
1305031536.8754189 -0.1120455 0.3655152 2.2592351 0.8845996 -0.4086596 0.2078429 -0.0853354
1305031536.9074910 -0.1067446 0.3526240 2.2637438 0.8890450 -0.3989115 0.2076931 -0.0856287
1305031536.9395299 -0.1031133 0.3386121 2.2690218 0.8915186 -0.3902729 0.2131540 -0.0862956
1305031536.9753749 -0.1032867 0.3283441 2.2799893 0.8923600 -0.3853379 0.2180976 -0.0874173
1305031537.0074120 -0.0986793 0.3156312 2.2902645 0.8950116 -0.3780976 0.2191363 -0.0893072
1305031537.0394270 -0.0942366 0.3012867 2.3005377 0.8965406 -0.3726076 0.2221236 -0.0896646
1305031537.0753410 -0.0905014 0.2892865 2.3130727 0.8984607 -0.3676796 0.2227568 -0.0892159
1305031537.1073370 -0.0771363 0.2728774 2.3236172 0.9016942 -0.3609677 0.2207847 -0.0889044
1305031537.1406560 -0.0662294 0.2588745 2.3374363 0.9039537 -0.3537687 0.2232727 -0.0886835
1305031537.1753769 -0.0605841 0.2481080 2.3531842 0.9067445 -0.3450125 0.2255549 -0.0889148
1305031537.2074449 -0.0488281 0.2364604 2.3675722 0.9103014 -0.3369582 0.2234990 -0.0886500
1305031537.2394149 -0.0395338 0.2256994 2.3835474 0.9140986 -0.3277152 0.2212411 -0.0898824
1305031537.2755041 -0.0276004 0.2114551 2.3982973 0.9181945 -0.3185012 0.2173580 -0.0907267
1305031537.3076460 -0.0142107 0.2023889 2.4142836 0.9221476 -0.3099072 0.2134643 -0.0896340
1305031537.3397181 -0.0053472 0.1939900 2.4308802 0.9263877 -0.2996080 0.2096256 -0.0899890
1305031537.3753879 0.0066608 0.1862664 2.4476171 0.9311874 -0.2882682 0.2036739 -0.0911506
1305031537.4073961 0.0129290 0.1753149 2.4623758 0.9357281 -0.2766475 0.1979893 -0.0931627
1305031537.4396491 0.0232946 0.1678109 2.4770309 0.9407450 -0.2663474 0.1882998 -0.0927425
1305031537.4755199 0.0383135 0.1602636 2.4903000 0.9464842 -0.2535314 0.1767222 -0.0930522
1305031537.5074921 0.0489180 0.1456954 2.5018860 0.9514834 -0.2389577 0.1686315 -0.0956133
1305031537.5394969 0.0629341 0.1354211 2.5126853 0.9554444 -0.2285470 0.1619865 -0.0930199
1305031537.5755291 0.0814704 0.1354189 2.5247395 0.9583067 -0.2217273 0.1560438 -0.0901976
1305031537.6075070 0.0907608 0.1340977 2.5387688 0.9599047 -0.2166737 0.1516849 -0.0928828
1305031537.6434419 0.1008514 0.1316895 2.5505561 0.9628791 -0.2084289 0.1420332 -0.0961653
1305031537.6753061 0.1234353 0.1272714 2.5576604 0.9660335 -0.1997228 0.1291517 -0.1010440
1305031537.7074831 0.1431718 0.1212959 2.5676238 0.9679113 -0.1900379 0.1228581 -0.1092667
1305031537.7434261 0.1596062 0.1178026 2.5770258 0.9698062 -0.1785825 0.1194930 -0.1153498
1305031537.7754691 0.1758051 0.1163499 2.5862382 0.9713038 -0.1678818 0.1156509 -0.1225136
1305031537.8075759 0.1904353 0.1107729 2.5950327 0.9721196 -0.1607152 0.1110180 -0.1297270
1305031537.8434579 0.2076446 0.1068910 2.6018639 0.9735622 -0.1522073 0.1038543 -0.1349957
1305031537.8755710 0.2321278 0.1021624 2.6071964 0.9751088 -0.1419289 0.0960304 -0.1407026
1305031537.9075141 0.2514625 0.0942235 2.6131692 0.9760355 -0.1331961 0.0923287 -0.1452205
1305031537.9434690 0.2696118 0.0878354 2.6190103 0.9771840 -0.1255454 0.0886327 -0.1466082
1305031537.9754260 0.2980750 0.0887114 2.6218468 0.9788001 -0.1187619 0.0815136 -0.1456076
1305031538.0075290 0.3174813 0.0840410 2.6305157 0.9794025 -0.1120396 0.0782875 -0.1486233
1305031538.0434520 0.3384785 0.0806360 2.6351057 0.9805169 -0.1079996 0.0725119 -0.1471896
1305031538.0755651 0.3631080 0.0893573 2.6401446 0.9818891 -0.1043702 0.0639426 -0.1446102
1305031538.1076291 0.3797096 0.0931579 2.6472747 0.9817113 -0.1056353 0.0536934 -0.1490005
1305031538.1434870 0.4035583 0.0931124 2.6524789 0.9820728 -0.1065202 0.0382505 -0.1507429
1305031538.1755650 0.4330957 0.0990542 2.6508263 0.9826770 -0.1005899 0.0238935 -0.1538075
1305031538.2076969 0.4612270 0.1085037 2.6588058 0.9822926 -0.0932218 0.0152883 -0.1617936
1305031538.2435169 0.4810233 0.1074325 2.6671125 0.9809016 -0.0861763 0.0117205 -0.1739780
1305031538.2754891 0.4973090 0.1116119 2.6743047 0.9801389 -0.0760271 0.0076385 -0.1830010
1305031538.3073859 0.5135526 0.1148835 2.6810839 0.9785159 -0.0663070 0.0023756 -0.1952034
1305031538.3434131 0.5282776 0.1121904 2.6891277 0.9763663 -0.0551230 -0.0042436 -0.2089312
1305031538.3755529 0.5463500 0.1101786 2.6950818 0.9743037 -0.0453881 -0.0127840 -0.2202473
1305031538.4075110 0.5644100 0.1085002 2.7014857 0.9718570 -0.0404535 -0.0203015 -0.2311824
1305031538.4435980 0.5809313 0.1046316 2.7087608 0.9694989 -0.0342454 -0.0303734 -0.2407834
1305031538.4755700 0.6008565 0.0993966 2.7148279 0.9669997 -0.0264114 -0.0424822 -0.2498184
1305031538.5075481 0.6182127 0.0877215 2.7214344 0.9650690 -0.0198845 -0.0534058 -0.2557231
1305031538.5434501 0.6418206 0.0760082 2.7233106 0.9641251 -0.0124461 -0.0650364 -0.2570567
1305031538.5755241 0.6693498 0.0600927 2.7198376 0.9634851 -0.0018828 -0.0743053 -0.2572384
1305031538.6075170 0.6956829 0.0451443 2.7107832 0.9647869 0.0078862 -0.0794275 -0.2506297
1305031538.6434791 0.7228598 0.0417246 2.7085012 0.9660124 0.0149344 -0.0812095 -0.2449531
1305031538.6754329 0.7414166 0.0256277 2.7158646 0.9662429 0.0192410 -0.0846367 -0.2425719
1305031538.7074900 0.7580031 0.0142554 2.7232267 0.9688685 0.0258298 -0.0920799 -0.2283590
1305031538.7435720 0.7800704 0.0061542 2.7260763 0.9722221 0.0309001 -0.1033372 -0.2077275
1305031538.7754910 0.8122130 -0.0030083 2.7221451 0.9740204 0.0335918 -0.1151925 -0.1920585
1305031538.8080890 0.8440674 -0.0231313 2.7125676 0.9759103 0.0379345 -0.1225080 -0.1764991
1305031538.8435180 0.8737883 -0.0269355 2.7109583 0.9787833 0.0469443 -0.1248880 -0.1555072
1305031538.8756559 0.9052099 -0.0274070 2.7107192 0.9807171 0.0545307 -0.1247338 -0.1402207
1305031538.9074979 0.9328646 -0.0327574 2.7145360 0.9823285 0.0581679 -0.1238235 -0.1277297
1305031538.9434140 0.9594337 -0.0348955 2.7144922 0.9840158 0.0593030 -0.1240067 -0.1132182
1305031538.9755070 0.9885969 -0.0359709 2.7136438 0.9850282 0.0609073 -0.1247806 -0.1021739
1305031539.0075200 1.0197052 -0.0387912 2.7101677 0.9856342 0.0628441 -0.1259252 -0.0933743
1305031539.0434451 1.0474594 -0.0398985 2.7089532 0.9862888 0.0662222 -0.1252109 -0.0846831
1305031539.0755150 1.0758653 -0.0399899 2.7076714 0.9865064 0.0705162 -0.1254279 -0.0781047
1305031539.1075029 1.1041600 -0.0445130 2.7027606 0.9865414 0.0759754 -0.1265953 -0.0702675
1305031539.1436069 1.1317666 -0.0404227 2.6982049 0.9865116 0.0825763 -0.1278217 -0.0603132
1305031539.1755869 1.1588136 -0.0431721 2.6901606 0.9858378 0.0905236 -0.1311282 -0.0522950
1305031539.2076011 1.1808064 -0.0379230 2.6863583 0.9852705 0.0984550 -0.1352663 -0.0353775
1305031539.2434490 1.2030042 -0.0338439 2.6793730 0.9834182 0.1087348 -0.1439992 -0.0181544
1305031539.2756519 1.2318004 -0.0305203 2.6672369 0.9806453 0.1202466 -0.1544431 -0.0047775
1305031539.3075211 1.2580109 -0.0260879 2.6576861 0.9780368 0.1345078 -0.1588112 0.0114348
1305031539.3438420 1.2820302 -0.0274158 2.6463361 0.9747170 0.1561669 -0.1578760 0.0247746
1305031539.3755560 1.3094499 -0.0245523 2.6394350 0.9708094 0.1792078 -0.1550964 0.0368606
1305031539.4078460 1.3311651 -0.0154247 2.6362469 0.9668436 0.2004523 -0.1487035 0.0540339
1305031539.4434309 1.3585257 -0.0167180 2.6261098 0.9622087 0.2202474 -0.1461063 0.0655622
1305031539.4756050 1.3850468 -0.0100612 2.6155525 0.9579865 0.2340301 -0.1473327 0.0760578
1305031539.5075059 1.4137652 0.0028333 2.6075855 0.9535480 0.2446532 -0.1510671 0.0898318
1305031539.5434589 1.4412318 0.0077711 2.6007682 0.9491730 0.2528036 -0.1613566 0.0955252
1305031539.5754480 1.4701135 0.0086982 2.5958687 0.9457809 0.2604913 -0.1704730 0.0926379
1305031539.6075590 1.4906196 0.0196036 2.5963196 0.9420584 0.2705803 -0.1759056 0.0914848
1305031539.6434369 1.5141825 0.0292223 2.5932079 0.9371448 0.2845388 -0.1815430 0.0885407
1305031539.6754580 1.5413642 0.0395968 2.5887800 0.9321907 0.2985791 -0.1886357 0.0792940
1305031539.7074261 1.5607753 0.0567519 2.5852504 0.9274480 0.3102720 -0.1953274 0.0736118
1305031539.7434649 1.5795476 0.0710638 2.5837094 0.9224527 0.3207292 -0.2030287 0.0706623
1305031539.7754879 1.5981554 0.0851048 2.5811054 0.9175157 0.3307494 -0.2093601 0.0702724
1305031539.8076530 1.6189881 0.0975950 2.5697887 0.9116371 0.3400335 -0.2205910 0.0680785
1305031539.8434660 1.6352496 0.1126834 2.5678338 0.9049246 0.3496440 -0.2323334 0.0698690
1305031539.8755929 1.6544003 0.1241845 2.5578953 0.8973695 0.3610588 -0.2433129 0.0718566
1305031539.9076419 1.6730849 0.1360062 2.5484130 0.8890658 0.3746513 -0.2522533 0.0746106
1305031539.9435410 1.6972151 0.1433793 2.5297172 0.8800468 0.3905562 -0.2600543 0.0731796
1305031539.9758830 1.7191233 0.1544012 2.5122113 0.8736371 0.4022774 -0.2654915 0.0666741
1305031540.0074220 1.7387434 0.1675476 2.5013710 0.8683313 0.4115952 -0.2699326 0.0610457
1305031540.0434680 1.7576008 0.1777068 2.4806635 0.8652274 0.4173282 -0.2730714 0.0514842
1305031540.0756321 1.7762427 0.1917737 2.4678910 0.8625313 0.4203038 -0.2794959 0.0355877
1305031540.1074209 1.7928899 0.2068184 2.4632112 0.8623265 0.4194520 -0.2828004 0.0218411
1305031540.1434431 1.8076144 0.2200229 2.4546011 0.8649311 0.4152595 -0.2817210 0.0093239
1305031540.1755950 1.8243400 0.2317595 2.4472925 0.8682362 0.4092621 -0.2803480 -0.0086817
1305031540.2074111 1.8368103 0.2470422 2.4380771 0.8721332 0.4009721 -0.2793627 -0.0236978
1305031540.2434959 1.8477101 0.2592522 2.4355211 0.8731117 0.3925138 -0.2860421 -0.0422937
1305031540.2756040 1.8646599 0.2611432 2.4366422 0.8725526 0.3860219 -0.2928969 -0.0620527
1305031540.3074110 1.8752707 0.2626970 2.4316696 0.8748790 0.3749657 -0.2968617 -0.0765540
1305031540.3434560 1.8952886 0.2684683 2.4283752 0.8758479 0.3642109 -0.3022843 -0.0941544
1305031540.3754380 1.9105750 0.2836876 2.4229549 0.8805540 0.3501320 -0.3011480 -0.1064989
1305031540.4075041 1.9179758 0.2979799 2.4259888 0.8849720 0.3351649 -0.3008247 -0.1182946
1305031540.4434531 1.9325883 0.3074153 2.4272366 0.8874868 0.3210555 -0.3040811 -0.1297118
1305031540.4754760 1.9474491 0.3192711 2.4235152 0.8907344 0.3028064 -0.3078695 -0.1418343
1305031540.5075250 1.9668495 0.3209541 2.4196020 0.8919878 0.2852704 -0.3125956 -0.1589418
1305031540.5434270 1.9852910 0.3280913 2.4153168 0.8930049 0.2737684 -0.3134844 -0.1712328
1305031540.5756350 1.9995505 0.3490500 2.4090216 0.8953396 0.2621202 -0.3097552 -0.1836073
1305031540.6075079 2.0168342 0.3489268 2.4061569 0.8982146 0.2476457 -0.3025292 -0.2008935
1305031540.6434431 2.0321310 0.3533449 2.4030760 0.9020722 0.2372319 -0.2931261 -0.2099141
1305031540.6758950 2.0449201 0.3666495 2.4023086 0.9070675 0.2245060 -0.2813323 -0.2183526
1305031540.7074420 2.0648771 0.3744514 2.4016059 0.9112035 0.2111019 -0.2719991 -0.2261873
1305031540.7435451 2.0798294 0.3826600 2.3974908 0.9164711 0.1984231 -0.2592335 -0.2313157
1305031540.7755129 2.0958407 0.3966001 2.3944201 0.9214334 0.1857372 -0.2448227 -0.2377479
1305031540.8074951 2.1143001 0.3966234 2.3966594 0.9274860 0.1689541 -0.2244811 -0.2466425
1305031540.8435569 2.1240437 0.4003190 2.3932808 0.9335227 0.1541362 -0.2018384 -0.2530585
1305031540.8754721 2.1356798 0.4034891 2.3934470 0.9379069 0.1407572 -0.1825022 -0.2592510
1305031540.9074471 2.1485442 0.4050016 2.3967238 0.9418266 0.1268102 -0.1634910 -0.2648634
1305031540.9434421 2.1552437 0.4043504 2.3985347 0.9457213 0.1113880 -0.1443389 -0.2690170
1305031540.9754009 2.1565094 0.4065902 2.3952211 0.9482405 0.0964405 -0.1306558 -0.2728886
1305031541.0074730 2.1626909 0.4142310 2.3949546 0.9490307 0.0818969 -0.1207734 -0.2793696
1305031541.0434639 2.1674855 0.4179720 2.3948147 0.9499011 0.0671649 -0.1102141 -0.2846572
1305031541.0754850 2.1710443 0.4194058 2.3960538 0.9491422 0.0542607 -0.1036533 -0.2923026
1305031541.1075130 2.1736875 0.4206029 2.3950327 0.9484642 0.0468444 -0.0995236 -0.2971806
1305031541.1435070 2.1790452 0.4242603 2.3936048 0.9486169 0.0402329 -0.0926485 -0.2998724
1305031541.1754720 2.1798113 0.4269210 2.3934880 0.9480436 0.0320541 -0.0844278 -0.3050539
1305031541.2074540 2.1763422 0.4222145 2.3932749 0.9479973 0.0289105 -0.0816439 -0.3062672
1305031541.2435930 2.1757758 0.4252616 2.3904631 0.9495926 0.0282052 -0.0839241 -0.3007243
1305031541.2756910 2.1728831 0.4274428 2.3885257 0.9512376 0.0259762 -0.0879578 -0.2945094
1305031541.3074360 2.1696084 0.4333507 2.3847038 0.9527136 0.0268891 -0.0950547 -0.2873644
1305031541.3434930 2.1664043 0.4352226 2.3820906 0.9533525 0.0309639 -0.1053318 -0.2811858
1305031541.3755071 2.1642308 0.4376653 2.3767027 0.9541202 0.0372344 -0.1169748 -0.2731027
1305031541.4077070 2.1635898 0.4432501 2.3705062 0.9545417 0.0451700 -0.1274743 -0.2656315
1305031541.4436989 2.1598337 0.4493491 2.3653987 0.9541145 0.0552914 -0.1378186 -0.2600279
1305031541.4753890 2.1558506 0.4496089 2.3625918 0.9525640 0.0681648 -0.1483813 -0.2568237
1305031541.5076561 2.1528416 0.4534577 2.3592099 0.9512119 0.0857512 -0.1605123 -0.2491555
1305031541.5434890 2.1495522 0.4559825 2.3558739 0.9493003 0.1021371 -0.1700202 -0.2439060
1305031541.5756080 2.1444810 0.4597766 2.3536475 0.9473438 0.1188073 -0.1795485 -0.2370378
1305031541.6074309 2.1375517 0.4650301 2.3516013 0.9440731 0.1368261 -0.1911380 -0.2312375
1305031541.6435430 2.1309766 0.4687836 2.3489756 0.9397396 0.1548664 -0.2036428 -0.2267941
1305031541.6754241 2.1274861 0.4713354 2.3468906 0.9339846 0.1759643 -0.2171500 -0.2226101
1305031541.7074180 2.1232919 0.4766382 2.3441139 0.9277538 0.1992618 -0.2281575 -0.2179718
1305031541.7434390 2.1175265 0.4793971 2.3413514 0.9194054 0.2276678 -0.2379475 -0.2150398
1305031541.7754149 2.1121401 0.4803152 2.3389725 0.9088984 0.2628755 -0.2440951 -0.2126449
1305031541.8074701 2.1112167 0.4813585 2.3373240 0.8989634 0.2965923 -0.2448449 -0.2096399
1305031541.8434410 2.1052170 0.4834626 2.3347008 0.8882007 0.3271828 -0.2491417 -0.2048887
1305031541.8754380 2.0944203 0.4849382 2.3317850 0.8759467 0.3541724 -0.2571922 -0.2028089
1305031541.9075699 2.0721714 0.4834301 2.3286823 0.8670896 0.3699373 -0.2691101 -0.1971845
1305031541.9435239 2.0584734 0.4832222 2.3264662 0.8581531 0.3822410 -0.2858721 -0.1890560
1305031541.9755239 2.0475403 0.4864469 2.3256049 0.8504003 0.3885713 -0.3047370 -0.1815683
1305031542.0076940 2.0455731 0.4898735 2.3221376 0.8410070 0.3939479 -0.3276601 -0.1736407
1305031542.0434890 2.0444915 0.4952106 2.3182005 0.8310516 0.4001703 -0.3482144 -0.1672238
1305031542.0755551 2.0434228 0.4983709 2.3140891 0.8214723 0.4092643 -0.3617898 -0.1636891
1305031542.1074159 2.0426961 0.4994604 2.3108804 0.8128270 0.4213240 -0.3680522 -0.1622835
1305031542.1435249 2.0347889 0.5035010 2.3057626 0.8063992 0.4329041 -0.3704508 -0.1583689
1305031542.1755240 2.0253592 0.5025964 2.3019464 0.8016449 0.4385518 -0.3751288 -0.1559362
1305031542.2073679 2.0227350 0.4993101 2.2972638 0.7952490 0.4446510 -0.3842210 -0.1491263
1305031542.2440910 2.0141070 0.5083152 2.2877108 0.7881869 0.4512350 -0.3943882 -0.1400225
1305031542.2754250 2.0199664 0.5165608 2.2762153 0.7824130 0.4552423 -0.4027851 -0.1354567
1305031542.3075280 2.0176647 0.5264886 2.2610085 0.7791735 0.4630328 -0.4023524 -0.1288484
1305031542.3434789 2.0118513 0.5336445 2.2515090 0.7787343 0.4693237 -0.3964710 -0.1269604
1305031542.3755529 2.0088161 0.5336061 2.2462878 0.7809040 0.4704629 -0.3912181 -0.1257061
1305031542.4074819 2.0055013 0.5374679 2.2374372 0.7829663 0.4701571 -0.3895739 -0.1189463
1305031542.4434471 1.9976690 0.5477518 2.2286984 0.7846016 0.4699994 -0.3884065 -0.1124340
1305031542.4754460 1.9956667 0.5572649 2.2215215 0.7856629 0.4667851 -0.3910256 -0.1092903
1305031542.5074470 1.9983762 0.5692215 2.2082962 0.7873797 0.4606724 -0.3962946 -0.1037534
1305031542.5434251 1.9957199 0.5854245 2.1940154 0.7888039 0.4567611 -0.3993860 -0.0982267
1305031542.5754280 1.9942807 0.6013191 2.1863879 0.7907247 0.4520310 -0.4011900 -0.0973094
1305031542.6074100 2.0012002 0.6109354 2.1749674 0.7934226 0.4439225 -0.4049947 -0.0969156
1305031542.6434240 1.9985765 0.6278608 2.1621402 0.7953048 0.4389076 -0.4079494 -0.0918019
1305031542.6753409 2.0005155 0.6421913 2.1502513 0.7958340 0.4347407 -0.4112896 -0.0921391
1305031542.7073619 2.0066703 0.6555989 2.1384503 0.7951838 0.4334121 -0.4135728 -0.0937777
1305031542.7438550 2.0087782 0.6693812 2.1244342 0.7963779 0.4329514 -0.4120875 -0.0922993
1305031542.7756240 2.0047868 0.6807166 2.1153778 0.7973620 0.4334642 -0.4097241 -0.0919173
1305031542.8076761 2.0082717 0.6930802 2.1051157 0.7951747 0.4348751 -0.4124371 -0.0920678
1305031542.8434529 2.0117456 0.7096660 2.0877001 0.7945544 0.4357931 -0.4135845 -0.0878381
1305031542.8754730 2.0088622 0.7223535 2.0746793 0.7961475 0.4368238 -0.4099605 -0.0852441
1305031542.9073739 2.0092536 0.7339520 2.0618899 0.7964597 0.4385960 -0.4078943 -0.0831130
1305031542.9434490 2.0014997 0.7451451 2.0507305 0.7964364 0.4413795 -0.4057737 -0.0788729
1305031542.9754159 2.0006906 0.7561308 2.0391917 0.7948831 0.4413756 -0.4093612 -0.0759723
1305031543.0074620 1.9985876 0.7701049 2.0232864 0.7939500 0.4406888 -0.4131999 -0.0685759
1305031543.0435460 1.9933633 0.7845295 2.0102381 0.7928733 0.4401822 -0.4167586 -0.0624807
1305031543.0754650 1.9967476 0.7964011 1.9926469 0.7908758 0.4392445 -0.4221250 -0.0582259
1305031543.1074710 1.9943792 0.8113241 1.9764572 0.7894537 0.4413135 -0.4235412 -0.0511684
1305031543.1434240 1.9934102 0.8253593 1.9612276 0.7891853 0.4431798 -0.4226099 -0.0466799
1305031543.1755869 1.9868564 0.8381118 1.9500207 0.7907365 0.4428407 -0.4206626 -0.0408763
1305031543.2074640 1.9858547 0.8502710 1.9399113 0.7933094 0.4371025 -0.4222630 -0.0359946
1305031543.2434900 1.9847773 0.8623821 1.9260468 0.7962899 0.4291760 -0.4252561 -0.0297921
1305031543.2755041 1.9785809 0.8789380 1.9150087 0.7976402 0.4237087 -0.4285106 -0.0248952
1305031543.3073909 1.9811173 0.8873599 1.9071326 0.7985705 0.4168064 -0.4332382 -0.0293640
1305031543.3435020 1.9823703 0.8942951 1.9006873 0.7996114 0.4115658 -0.4362075 -0.0309554
1305031543.3755200 1.9801487 0.9043306 1.8987136 0.7990111 0.4095418 -0.4389178 -0.0347544
1305031543.4075749 1.9830978 0.9075619 1.8976644 0.7961606 0.4083148 -0.4444873 -0.0428754
1305031543.4435930 1.9831973 0.9125221 1.8976937 0.7944868 0.4068520 -0.4483001 -0.0478460
1305031543.4754200 1.9845609 0.9150737 1.9013600 0.7936290 0.4051754 -0.4508730 -0.0519569
1305031543.5076520 1.9840503 0.9161083 1.9080844 0.7893407 0.4077780 -0.4554590 -0.0567054
1305031543.5434330 1.9844707 0.9161909 1.9137833 0.7839933 0.4101000 -0.4618096 -0.0624847
1305031543.5753930 1.9849066 0.9149672 1.9206529 0.7815936 0.4111936 -0.4644203 -0.0659171
1305031543.6075239 1.9862968 0.9114048 1.9328895 0.7752740 0.4160958 -0.4698321 -0.0712205
1305031543.6434000 1.9867329 0.9073062 1.9428826 0.7685865 0.4226845 -0.4750663 -0.0701756
1305031543.6754601 1.9797851 0.9076597 1.9542846 0.7657997 0.4256368 -0.4769051 -0.0703248
1305031543.7074780 1.9838612 0.9071148 1.9743695 0.7642687 0.4255732 -0.4789291 -0.0735378
1305031543.7433989 1.9835052 0.9058732 1.9900122 0.7622367 0.4271219 -0.4808605 -0.0730438
1305031543.7756419 1.9813122 0.9055705 2.0086367 0.7620313 0.4241431 -0.4838373 -0.0728862
1305031543.8075140 1.9871126 0.9046461 2.0308950 0.7623176 0.4197432 -0.4874960 -0.0709586
1305031543.8434060 1.9916757 0.9026708 2.0499367 0.7625310 0.4180359 -0.4895425 -0.0643474
1305031543.8754101 1.9931871 0.9054119 2.0680347 0.7647034 0.4141478 -0.4904355 -0.0564201
1305031543.9074590 1.9981252 0.9040664 2.0868228 0.7689427 0.4092992 -0.4886037 -0.0496756
1305031543.9434130 1.9994999 0.9049071 2.1049805 0.7727674 0.4062259 -0.4855850 -0.0449257
1305031543.9754729 2.0042837 0.9066357 2.1263526 0.7775297 0.4036768 -0.4800883 -0.0448092
1305031544.0074911 2.0065940 0.9082263 2.1454730 0.7846333 0.3994636 -0.4718004 -0.0467324
1305031544.0434909 2.0141232 0.9066895 2.1690238 0.7925763 0.3954445 -0.4609475 -0.0545324
1305031544.0755091 2.0233159 0.9000478 2.1969514 0.8026378 0.3918817 -0.4455386 -0.0607999
1305031544.1073761 2.0148226 0.8960806 2.2211914 0.8133141 0.3850391 -0.4314929 -0.0638657
1305031544.1437950 2.0210417 0.8845675 2.2530180 0.8204047 0.3764319 -0.4239894 -0.0739465
1305031544.1758289 2.0274608 0.8704459 2.2762011 0.8260119 0.3705061 -0.4169122 -0.0813254
1305031544.2073541 2.0297976 0.8608251 2.2992670 0.8321131 0.3646786 -0.4077734 -0.0912039
1305031544.2434270 2.0346434 0.8426844 2.3237386 0.8387746 0.3597465 -0.3959604 -0.1012671
1305031544.2755401 2.0347913 0.8282003 2.3465153 0.8444660 0.3573552 -0.3833301 -0.1106009
1305031544.3073699 2.0311356 0.8083087 2.3729357 0.8495308 0.3569220 -0.3687398 -0.1222094
1305031544.3434091 2.0309587 0.7842502 2.4001048 0.8537222 0.3559604 -0.3564560 -0.1318702
1305031544.3754590 2.0341416 0.7556060 2.4250219 0.8577686 0.3564034 -0.3440493 -0.1372582
1305031544.4073329 2.0272538 0.7319234 2.4506511 0.8623466 0.3632119 -0.3262945 -0.1340423
1305031544.4433751 2.0133571 0.7138915 2.4743552 0.8668287 0.3639689 -0.3152333 -0.1294704
1305031544.4754269 2.0029923 0.6843872 2.4938509 0.8695504 0.3650363 -0.3078294 -0.1259830
1305031544.5073669 1.9898150 0.6702376 2.5104758 0.8702086 0.3681830 -0.3049408 -0.1191190
1305031544.5434160 1.9776381 0.6503287 2.5223603 0.8682190 0.3734635 -0.3052099 -0.1164804
1305031544.5754969 1.9646098 0.6336162 2.5356625 0.8665921 0.3764368 -0.3070387 -0.1141957
1305031544.6074090 1.9670542 0.6063537 2.5478062 0.8650840 0.3784137 -0.3094161 -0.1126697
1305031544.6434441 1.9520163 0.5895976 2.5540077 0.8650721 0.3819054 -0.3091913 -0.1009910
1305031544.6755860 1.9360045 0.5796587 2.5539510 0.8633059 0.3837496 -0.3142112 -0.0933299
1305031544.7074111 1.9264091 0.5617168 2.5632429 0.8614630 0.3859754 -0.3178152 -0.0888705
1305031544.7434380 1.9103138 0.5544160 2.5606701 0.8597309 0.3873070 -0.3225409 -0.0826042
1305031544.7754180 1.8998809 0.5468380 2.5649137 0.8576987 0.3893834 -0.3249202 -0.0846184
1305031544.8073969 1.8908195 0.5320475 2.5691596 0.8568942 0.3894248 -0.3258017 -0.0890722
1305031544.8434911 1.8853435 0.5080278 2.5727358 0.8569131 0.3894056 -0.3251193 -0.0914359
1305031544.8753600 1.8689039 0.4984558 2.5745566 0.8562605 0.3938638 -0.3232290 -0.0849251
1305031544.9074230 1.8560579 0.4931489 2.5748962 0.8552912 0.3981313 -0.3211317 -0.0827216
1305031544.9434340 1.8428744 0.4812490 2.5771846 0.8551235 0.4044168 -0.3136138 -0.0828084
1305031544.9755371 1.8212511 0.4686663 2.5803095 0.8555416 0.4095601 -0.3064380 -0.0800305
1305031545.0073929 1.8031617 0.4659161 2.5837006 0.8568840 0.4089031 -0.3049987 -0.0743223
1305031545.0434771 1.7884884 0.4649365 2.5830143 0.8588486 0.4064577 -0.3031809 -0.0724743
1305031545.0753689 1.7706731 0.4612548 2.5859779 0.8619979 0.4022543 -0.2991079 -0.0754023
1305031545.1073990 1.7595972 0.4510897 2.5890063 0.8667336 0.3942620 -0.2952559 -0.0784490
1305031545.1441710 1.7473152 0.4461530 2.5911314 0.8735793 0.3829198 -0.2900648 -0.0780645
1305031545.1754060 1.7350959 0.4422490 2.5910314 0.8812210 0.3702796 -0.2835629 -0.0770362
1305031545.2075770 1.7191996 0.4396144 2.5927149 0.8888179 0.3581047 -0.2757861 -0.0755362
1305031545.2434831 1.6966577 0.4421110 2.5946649 0.8953724 0.3460545 -0.2696581 -0.0764133
1305031545.2753689 1.6896680 0.4298866 2.5956498 0.9004500 0.3318486 -0.2682984 -0.0841567
1305031545.3074510 1.6768561 0.4211426 2.5957984 0.9052908 0.3211148 -0.2646244 -0.0854853
1305031545.3434939 1.6621543 0.4203387 2.5958191 0.9100455 0.3110915 -0.2602650 -0.0854480
1305031545.3755450 1.6461459 0.4201062 2.5976894 0.9154096 0.2983857 -0.2556725 -0.0873092
1305031545.4074521 1.6265669 0.4199343 2.6024819 0.9201975 0.2850848 -0.2524879 -0.0906266
1305031545.4441800 1.6127778 0.4157855 2.6041792 0.9227217 0.2743806 -0.2526393 -0.0973309
1305031545.4754231 1.5921752 0.4256901 2.6064495 0.9250521 0.2638403 -0.2527070 -0.1039522
1305031545.5073941 1.5791931 0.4154513 2.6133533 0.9254988 0.2532274 -0.2546650 -0.1203061
1305031545.5434179 1.5631509 0.4156120 2.6156293 0.9256820 0.2443855 -0.2579963 -0.1297171
1305031545.5780780 1.5487182 0.4055093 2.6199995 0.9225174 0.2414218 -0.2635610 -0.1456464
1305031545.6074171 1.5352502 0.3990396 2.6194634 0.9192875 0.2404931 -0.2704318 -0.1547262
1305031545.6434629 1.5234387 0.3985741 2.6156160 0.9160605 0.2382685 -0.2774832 -0.1645127
1305031545.6752889 1.5109596 0.3996277 2.6135575 0.9121934 0.2388791 -0.2817369 -0.1773816
1305031545.7073979 1.5047445 0.3842165 2.6119363 0.9075027 0.2380033 -0.2853256 -0.1959150
1305031545.7435701 1.4978101 0.3738898 2.6134290 0.9052406 0.2360668 -0.2863038 -0.2069834
1305031545.7754519 1.4918043 0.3610389 2.6196373 0.9015306 0.2404361 -0.2864132 -0.2177166
1305031545.8074040 1.4876341 0.3498759 2.6268802 0.8970949 0.2478505 -0.2864732 -0.2274289
1305031545.8433759 1.4819288 0.3409057 2.6308650 0.8966259 0.2545007 -0.2824648 -0.2269473
1305031545.8755369 1.4719241 0.3349455 2.6295874 0.8995697 0.2590897 -0.2741679 -0.2201793
1305031545.9073889 1.4611160 0.3261354 2.6053351 0.9050307 0.2577215 -0.2681870 -0.2063365
1305031545.9434569 1.4574562 0.3108488 2.5934799 0.9078303 0.2612884 -0.2615374 -0.1979158
1305031545.9756210 1.4506553 0.3050208 2.5853487 0.9126755 0.2618864 -0.2533276 -0.1851057
1305031546.0075159 1.4454640 0.2898492 2.5793783 0.9164404 0.2626521 -0.2460979 -0.1748904
1305031546.0437689 1.4452229 0.2806317 2.5659089 0.9201462 0.2665346 -0.2373695 -0.1610777
1305031546.0754139 1.4450995 0.2778222 2.5582540 0.9265696 0.2649946 -0.2239301 -0.1452651
1305031546.1073949 1.4434724 0.2752159 2.5530087 0.9312362 0.2643777 -0.2125917 -0.1330726
1305031546.1435020 1.4440409 0.2689790 2.5455181 0.9364072 0.2601200 -0.2005836 -0.1234720
1305031546.1759520 1.4449441 0.2597027 2.5393435 0.9407635 0.2560455 -0.1900385 -0.1152826
1305031546.2075000 1.4488160 0.2548008 2.5264423 0.9447936 0.2513953 -0.1816212 -0.1057314
1305031546.2435510 1.4497904 0.2524849 2.5164174 0.9493680 0.2439029 -0.1706733 -0.1004112
1305031546.2760980 1.4554824 0.2422635 2.5109569 0.9534198 0.2341437 -0.1621127 -0.0994331
1305031546.3081100 1.4595357 0.2347614 2.4997799 0.9580025 0.2246844 -0.1525892 -0.0920037
1305031546.3439190	1.459536	0.234761	2.49978	0.958002	0.224684	-0.152589	-0.092004
1305031546.3760560	1.460388	0.232217	2.490261	0.961655	0.21563	-0.144491	-0.088578
1305031546.4076591	1.462919	0.224049	2.484977	0.964371	0.205934	-0.141034	-0.087685
1305031546.4439681	1.467645	0.216301	2.474176	0.966821	0.196896	-0.13812	-0.086095
1305031546.4759960	1.468718	0.209588	2.466268	0.968483	0.189364	-0.136954	-0.086168
1305031546.5079670	1.478728	0.196635	2.454561	0.969636	0.183518	-0.137486	-0.084998
1305031546.5440681	1.476129	0.193872	2.446288	0.971602	0.179471	-0.131578	-0.08042
1305031546.5764120	1.482649	0.183412	2.438383	0.97229	0.174467	-0.131353	-0.083424
1305031546.6077170	1.48671	0.173972	2.427861	0.973601	0.171527	-0.128153	-0.079103
1305031546.6442001	1.487554	0.164852	2.418452	0.97501	0.168497	-0.12469	-0.073596
1305031546.6760030	1.491221	0.159308	2.409662	0.976442	0.166181	-0.121227	-0.06518
1305031546.7079339	1.490891	0.154332	2.400875	0.977756	0.16538	-0.115821	-0.05681
1305031546.7438869	1.495306	0.149405	2.3907	0.978641	0.164214	-0.112578	-0.051197
1305031546.7758639	1.494942	0.14782	2.383548	0.979989	0.163784	-0.10529	-0.041358
1305031546.8079960	1.494536	0.145203	2.374194	0.980515	0.166036	-0.0999	-0.032283
1305031546.8440790	1.491005	0.143618	2.367773	0.980913	0.167039	-0.095623	-0.02764
1305031546.8760641	1.491027	0.141001	2.361859	0.981144	0.166843	-0.094519	-0.024186
1305031546.9077830	1.488418	0.141309	2.355004	0.98064	0.169148	-0.096251	-0.021684
1305031546.9438579	1.487233	0.144783	2.349735	0.980253	0.171245	-0.096593	-0.021167
1305031546.9758840	1.487251	0.144968	2.347588	0.979879	0.172613	-0.097381	-0.023628
1305031547.0119841	1.486601	0.142728	2.345082	0.979335	0.174894	-0.098901	-0.023093
1305031547.0442140	1.483301	0.142251	2.339693	0.978589	0.177117	-0.101565	-0.026031
1305031547.0763459	1.486585	0.140576	2.335882	0.978035	0.178434	-0.103683	-0.029306
1305031547.1119909	1.487487	0.140522	2.333263	0.97783	0.180758	-0.100852	-0.031691
1305031547.1440711	1.486009	0.144495	2.33434	0.977883	0.181206	-0.098436	-0.034923
1305031547.1759090	1.486268	0.145083	2.334919	0.977861	0.180791	-0.097246	-0.040573
1305031547.2119639	1.483687	0.141731	2.336554	0.97807	0.178799	-0.097068	-0.044578
1305031547.2441130	1.485087	0.1427	2.337517	0.977598	0.179161	-0.100695	-0.045435
1305031547.2765460	1.485626	0.144789	2.339232	0.977161	0.179302	-0.103421	-0.048071
1305031547.3122611	1.487153	0.144391	2.342179	0.976807	0.179382	-0.104909	-0.051619
1305031547.3441920	1.487885	0.144727	2.345274	0.97647	0.179901	-0.10632	-0.053267
1305031547.3767531	1.486804	0.144444	2.349024	0.976338	0.179197	-0.107584	-0.05548
1305031547.4122601	1.487016	0.144022	2.349995	0.975992	0.178512	-0.111633	-0.055775
1305031547.4444721	1.487623	0.145371	2.351429	0.97563	0.177909	-0.115615	-0.055927
1305031547.4763470	1.488269	0.147153	2.352028	0.975074	0.178737	-0.118394	-0.057152
1305031547.5121140	1.4888	0.148563	2.353288	0.974602	0.179408	-0.11966	-0.060367
1305031547.5440149	1.489899	0.147571	2.352772	0.974388	0.179787	-0.119648	-0.062682
1305031547.5764370	1.489106	0.15091	2.352639	0.974379	0.18062	-0.119018	-0.061624
1305031547.6122961	1.49072	0.151035	2.35266	0.974543	0.17906	-0.11887	-0.063821
1305031547.6441600	1.490148	0.15005	2.35233	0.974643	0.1787	-0.118839	-0.063368
1305031547.6772871	1.490161	0.154448	2.35193	0.97474	0.178811	-0.119253	-0.06073
1305031547.7123380	1.492749	0.148376	2.351553	0.974808	0.177422	-0.118634	-0.064787
1305031547.7443321	1.491305	0.15153	2.348364	0.975127	0.178521	-0.117193	-0.059363
1305031547.7763901	1.491559	0.154706	2.347914	0.975248	0.178459	-0.116138	-0.05963
1305031547.8123169	1.492534	0.153109	2.348	0.975161	0.178656	-0.115615	-0.061444
1305031547.8445640	1.493119	0.154094	2.346435	0.975227	0.17947	-0.113985	-0.061077
1305031547.8763621	1.493283	0.154311	2.346059	0.97546	0.178631	-0.112458	-0.062619
1305031547.9127440	1.494325	0.153254	2.346278	0.97543	0.178962	-0.112452	-0.062163
1305031547.9443040	1.494338	0.154903	2.346423	0.975564	0.178656	-0.112125	-0.06152
1305031547.9764819	1.495167	0.155388	2.346136	0.975659	0.178266	-0.111597	-0.062102

