1305031126.8473430 1.22713 0.545525 1.42332 0.792243 0.542017 -0.195953 -0.195953
1305031126.8793571 1.23097 0.546625 1.42634 0.792663 0.541476 -0.194999 -0.194999
1305031126.9113641 1.23385 0.545678 1.42261 0.793173 0.540914 -0.193658 -0.193658
1305031126.9474370 1.23216 0.544089 1.41871 0.793939 0.540081 -0.192758 -0.192758
1305031126.9793370 1.23281 0.546597 1.42364 0.794213 0.540039 -0.193288 -0.193288
1305031127.0113709 1.23318 0.547746 1.42633 0.793812 0.540164 -0.194572 -0.194572
1305031127.0472970 1.23695 0.546512 1.42148 0.794066 0.53927 -0.195677 -0.195677
1305031127.0792990 1.23377 0.547087 1.42109 0.794095 0.539448 -0.195591 -0.195591
1305031127.1114349 1.2283 0.545578 1.42136 0.793903 0.539674 -0.196887 -0.196887
1305031127.1473069 1.22887 0.545025 1.42495 0.793744 0.539615 -0.199272 -0.199272
1305031127.1793489 1.22761 0.544106 1.42372 0.792718 0.540313 -0.201709 -0.201709
1305031127.2117000 1.2257 0.546528 1.42638 0.79214 0.540471 -0.203733 -0.203733
1305031127.2473741 1.2216177 0.5484609 1.4261883 0.6104669 0.4171243 -0.1581154 -0.1528358
1305031127.2794650 1.2212961 0.5478734 1.4278636 0.6096162 0.4170763 -0.1587209 -0.1539608
1305031127.3113620 1.2183408 0.5461566 1.4274083 0.6092153 0.4172908 -0.1588242 -0.1540298
1305031127.3473561 1.2122361 0.5461444 1.4291473 0.6085203 0.4173885 -0.1599232 -0.1539327
1305031127.3792620 1.2115248 0.5459153 1.4316319 0.6077940 0.4173072 -0.1609352 -0.1544531
1305031127.4113710 1.2110494 0.5442565 1.4297360 0.6070512 0.4172769 -0.1616791 -0.1551290
1305031127.4473331 1.2065318 0.5440813 1.4293203 0.6064700 0.4172551 -0.1627225 -0.1551595
1305031127.4793620 1.2075618 0.5427740 1.4304797 0.6054913 0.4173268 -0.1633898 -0.1560396
1305031127.5113561 1.2063254 0.5416453 1.4289582 0.6049861 0.4177473 -0.1633957 -0.1558138
1305031127.5473480 1.2015246 0.5422610 1.4284948 0.6047739 0.4178172 -0.1640669 -0.1552997
1305031127.5793450 1.2016704 0.5416773 1.4292472 0.6041383 0.4177008 -0.1647136 -0.1560632
1305031127.6112709 1.2027011 0.5406162 1.4282977 0.6040004 0.4176629 -0.1648543 -0.1562601
1305031127.6473579 1.1984630 0.5414933 1.4272358 0.6046487 0.4174509 -0.1652109 -0.1552965
1305031127.6792979 1.1978256 0.5415044 1.4280072 0.6044616 0.4170188 -0.1662169 -0.1557183
1305031127.7113750 1.1997710 0.5400104 1.4284043 0.6039768 0.4171234 -0.1663591 -0.1561481
1305031127.7473040 1.1972554 0.5408424 1.4274027 0.6041897 0.4172424 -0.1664870 -0.1553145
1305031127.7793460 1.1950566 0.5407409 1.4286015 0.6040389 0.4171117 -0.1668730 -0.1555200
1305031127.8118291 1.1968131 0.5397617 1.4294866 0.6032160 0.4172014 -0.1671580 -0.1564285
1305031127.8473661 1.1968382 0.5390470 1.4291514 0.6029245 0.4173652 -0.1669909 -0.1566802
1305031127.8793800 1.1955360 0.5381357 1.4298773 0.6027425 0.4175735 -0.1668119 -0.1566337
1305031127.9114759 1.1956046 0.5369574 1.4301501 0.6023492 0.4177363 -0.1670335 -0.1566478
1305031127.9473660 1.1964687 0.5363800 1.4291349 0.6023278 0.4178002 -0.1672308 -0.1563038
1305031127.9793711 1.1941837 0.5372895 1.4280421 0.6023532 0.4182759 -0.1671037 -0.1551189
1305031128.0114269 1.1935396 0.5383561 1.4268274 0.6023701 0.4185367 -0.1668583 -0.1546492
1305031128.0473690 1.1891427 0.5399413 1.4257365 0.6035622 0.4185559 -0.1660184 -0.1533856
1305031128.0793340 1.1857179 0.5401921 1.4262085 0.6039421 0.4183786 -0.1660184 -0.1531862
1305031128.1113911 1.1850435 0.5398407 1.4268098 0.6041210 0.4180715 -0.1663549 -0.1533365
1305031128.1474180 1.1833946 0.5405926 1.4261356 0.6049639 0.4176655 -0.1666346 -0.1526096
1305031128.1793499 1.1792795 0.5424125 1.4267970 0.6052866 0.4173472 -0.1672674 -0.1521967
1305031128.2114470 1.1810641 0.5412002 1.4274736 0.6049885 0.4168448 -0.1679129 -0.1534053
1305031128.2474799 1.1818896 0.5406111 1.4268948 0.6050902 0.4167222 -0.1680996 -0.1533490
1305031128.2793360 1.1781194 0.5420660 1.4277448 0.6050986 0.4170210 -0.1681462 -0.1524679
1305031128.3114829 1.1798302 0.5413881 1.4277453 0.6045463 0.4168648 -0.1685487 -0.1534566
1305031128.3474231 1.1806123 0.5402806 1.4277554 0.6040841 0.4171234 -0.1682950 -0.1538669
1305031128.3794041 1.1790441 0.5403228 1.4278206 0.6034974 0.4176985 -0.1680275 -0.1536514
1305031128.4113369 1.1786561 0.5400350 1.4285432 0.6029859 0.4179293 -0.1679306 -0.1540426
1305031128.4472959 1.1793997 0.5386370 1.4292390 0.6024110 0.4182000 -0.1675958 -0.1546906
1305031128.4792960 1.1782995 0.5385642 1.4292989 0.6020469 0.4185749 -0.1673867 -0.1545426
1305031128.5114329 1.1782184 0.5387251 1.4300457 0.6017519 0.4186907 -0.1672924 -0.1548480
1305031128.5473990 1.1778213 0.5391109 1.4301445 0.6016417 0.4188004 -0.1670443 -0.1550115
1305031128.5794549 1.1759465 0.5391191 1.4311684 0.6016701 0.4187515 -0.1668417 -0.1553118
1305031128.6113949 1.1759432 0.5378346 1.4333540 0.6016767 0.4185247 -0.1670268 -0.1557122
1305031128.6473520 1.1769087 0.5364373 1.4341761 0.6013161 0.4185667 -0.1675218 -0.1556926
1305031128.6792819 1.1758695 0.5375023 1.4342205 0.6008073 0.4188077 -0.1682966 -0.1550858
1305031128.7114570 1.1760415 0.5391569 1.4340762 0.6002259 0.4188306 -0.1688449 -0.1554296
1305031128.7473631 1.1771653 0.5386949 1.4347971 0.5998564 0.4188381 -0.1684227 -0.1564961
