1305031102.1753039 1.3405000 0.6266000 1.6575000 0.5959865 0.3901636 -0.1878211 -0.2068644
1305031102.2112141 1.33726 0.625102 1.64478 0.778326 0.511927 -0.245657 -0.245657
1305031102.2753260 1.3284899 0.6212744 1.6445635 0.5954565 0.3958119 -0.1839026 -0.2001991
1305031102.3112669 1.3046515 0.6271623 1.6230375 0.5979178 0.3963902 -0.1852915 -0.1945348
1305031102.3432331 1.2963809 0.6268890 1.6142560 0.5985982 0.3965024 -0.1858045 -0.1928964
1305031102.3753290 1.2870402 0.6273014 1.6058536 0.5986896 0.3972655 -0.1857984 -0.1912006
1305031102.4112580 1.2805163 0.6230079 1.5977893 0.5982396 0.3982139 -0.1854424 -0.1901865
1305031102.4432709 1.2761506 0.6232054 1.5860987 0.5984382 0.3996491 -0.1853142 -0.1870014
1305031102.4753180 1.2648509 0.6276494 1.5766993 0.5994176 0.4017221 -0.1839650 -0.1824589
1305031102.5112190 1.2544205 0.6302623 1.5700868 0.6000929 0.4033442 -0.1814551 -0.1804007
1305031102.5752859 1.2299114 0.6313474 1.5568793 0.6007484 0.4057588 -0.1764796 -0.1789457
1305031102.6112330 1.2184774 0.6310238 1.5520882 0.6014637 0.4046280 -0.1761977 -0.1807008
1305031102.6752851 1.2077756 0.6260986 1.5298089 0.6017388 0.4034583 -0.1773000 -0.1818233
1305031102.7112629 1.1970233 0.6261526 1.5216780 0.6024043 0.4033969 -0.1771920 -0.1810700
1305031102.7432339 1.1921533 0.6270320 1.5092657 0.6031408 0.4028352 -0.1778263 -0.1805865
1305031102.7754719 1.1822401 0.6298300 1.4989189 0.6031146 0.4035675 -0.1762130 -0.1805726
1305031102.8112321 1.1750320 0.6294119 1.4892334 0.6036275 0.4035863 -0.1742521 -0.1816498
1305031102.8432901 1.16337 0.632283 1.47512 0.785888 0.525465 -0.223472 -0.223472
1305031102.8753631 1.1568079 0.6269025 1.4697243 0.6036096 0.4038835 -0.1700076 -0.1850075
1305031102.9111850 1.1499032 0.6260206 1.4610243 0.6033427 0.4039626 -0.1690882 -0.1860711
1305031102.9752030 1.1339980 0.6175909 1.4438478 0.6015939 0.4057661 -0.1699196 -0.1839379
1305031103.0112150 1.1288376 0.6150463 1.4338081 0.6019055 0.4055774 -0.1724685 -0.1815073
1305031103.0432270 1.1221250 0.6150224 1.4243096 0.6021558 0.4059579 -0.1748972 -0.1779232
1305031103.0753191 1.1138985 0.6187678 1.4169382 0.6026040 0.4056872 -0.1770449 -0.1757172
1305031103.1112399 1.1129882 0.6186589 1.4063982 0.6023904 0.4047879 -0.1780809 -0.1770703
1305031103.1433179 1.1058263 0.6200482 1.3989932 0.6035116 0.4047604 -0.1777780 -0.1756992
1305031103.1754520 1.1043000 0.6200483 1.3896336 0.6037264 0.4043654 -0.1775256 -0.1765249
1305031103.2112200 1.1015184 0.6185251 1.3803371 0.6051085 0.4048904 -0.1759110 -0.1747560
1305031103.2432160 1.0971914 0.6189304 1.3736451 0.6079004 0.4052984 -0.1739151 -0.1712511
1305031103.2753699 1.0908507 0.6150859 1.3675473 0.6101996 0.4067404 -0.1716795 -0.1661230
1305031103.3112099 1.0833676 0.6147612 1.3675649 0.6096718 0.4096526 -0.1724755 -0.1589137
1305031103.3432231 1.0835636 0.6177288 1.3682598 0.6096945 0.4101195 -0.1734236 -0.1566196
1305031103.3753271 1.0826819 0.6201780 1.3670530 0.6109938 0.4101160 -0.1724745 -0.1552404
1305031103.4112599 1.0800997 0.6201385 1.3686806 0.6116404 0.4101596 -0.1720645 -0.1543471
1305031103.4432800 1.0816802 0.6192431 1.3728599 0.6108953 0.4107388 -0.1728141 -0.1533919
1305031103.4752741 1.0829095 0.6196996 1.3775732 0.6096523 0.4115237 -0.1737602 -0.1525897
1305031103.5113330 1.08533 0.622376 1.38328 0.788869 0.535115 -0.227758 -0.227758
1305031103.5434439 1.0875525 0.6201131 1.3934764 0.6063397 0.4121035 -0.1762115 -0.1544307
1305031103.5754740 1.0941130 0.6183539 1.4032890 0.6055622 0.4112679 -0.1782090 -0.1557778
1305031103.6112230 1.0991972 0.6169216 1.4118014 0.6049297 0.4106779 -0.1807533 -0.1555385
1305031103.6434450 1.1051475 0.6176456 1.4216705 0.6037968 0.4104330 -0.1836942 -0.1547585
1305031103.6755230 1.1118645 0.6193587 1.4318038 0.6028739 0.4101194 -0.1858992 -0.1545950
1305031103.7116101 1.1192327 0.6216717 1.4410119 0.6020524 0.4096955 -0.1876601 -0.1550386
1305031103.7433259 1.1244631 0.6231451 1.4527413 0.6012459 0.4096121 -0.1882466 -0.1559511
1305031103.7753420 1.1351221 0.6227576 1.4645999 0.5994478 0.4098682 -0.1883571 -0.1582049
1305031103.8112421 1.1462753 0.6224066 1.4741266 0.5983093 0.4105684 -0.1872483 -0.1595911
1305031103.8432510 1.1580056 0.6184508 1.4840021 0.5978896 0.4118133 -0.1850917 -0.1595855
1305031103.8753610 1.1582985 0.6179494 1.4962346 0.5972751 0.4147858 -0.1827368 -0.1555487
1305031103.9112210 1.1625013 0.6182713 1.5144919 0.5963646 0.4159635 -0.1831949 -0.1533560
1305031103.9432111 1.1724733 0.6192005 1.5260419 0.5950976 0.4160637 -0.1848798 -0.1531634
1305031103.9753730 1.1798466 0.6210709 1.5371056 0.4159854 0.5940666 -0.1863552 -0.1532793
1305031104.0112319 1.1857535 0.6253484 1.5481153 0.4146355 0.5940106 -0.1883112 -0.1546317
1305031104.0432489 1.1975654 0.6283987 1.5596725 0.4127343 0.5930279 -0.1898784 -0.1593088
1305031104.0754249 1.2103897 0.6301532 1.5686397 0.4115165 0.5925632 -0.1894541 -0.1636248
1305031104.1112349 1.2165254 0.6325058 1.5783124 0.4112070 0.5915556 -0.1882018 -0.1673108
1305031104.1432300 1.2250984 0.6315187 1.5903817 0.4105962 0.5901940 -0.1873134 -0.1717118
1305031104.1754241 1.24108 0.632168 1.59501 0.773215 0.536588 -0.24779 -0.24779
1305031104.2112830 1.2425971 0.6288080 1.6121915 0.5890208 0.4085084 -0.1875451 -0.1779480
1305031104.2431960 1.2517824 0.6288734 1.6219687 0.5884646 0.4071387 -0.1884355 -0.1808575
1305031104.2755461 1.2614530 0.6292540 1.6312053 0.5877414 0.4059176 -0.1889853 -0.1839352
1305031104.3112190 1.2703482 0.6297136 1.6394349 0.5874822 0.4046119 -0.1892041 -0.1868902
1305031104.3433421 1.2798010 0.6308272 1.6476000 0.5874229 0.4034524 -0.1887917 -0.1898638
1305031104.3758371 1.2880160 0.6303055 1.6550541 0.5880993 0.4022053 -0.1877451 -0.1926987
1305031104.4115090 1.2959770 0.6267437 1.6623414 0.5887242 0.4011462 -0.1865972 -0.1952451
1305031104.4432881 1.3043734 0.6217305 1.6683955 0.5890758 0.4005321 -0.1860478 -0.1966013
1305031104.4754560 1.3102830 0.6168755 1.6746884 0.5892444 0.4005028 -0.1862261 -0.1962892
1305031104.5113289 1.3141318 0.6158331 1.6820258 0.5892820 0.4003107 -0.1877799 -0.1951523
1305031104.5433681 1.3202634 0.6170846 1.6895527 0.5885178 0.3996495 -0.1899905 -0.1952901
1305031104.5753429 1.3246672 0.6212474 1.6954990 0.5876913 0.3985022 -0.1920612 -0.1965922
1305031104.6113360 1.3269283 0.6264439 1.7030786 0.5865794 0.3952740 -0.1945899 -0.2018563
1305031104.6432431 1.3375319 0.6289832 1.7109040 0.5854119 0.3911641 -0.1961753 -0.2094981
1305031104.6755250 1.3442827 0.6290663 1.7177384 0.5846579 0.3866365 -0.1974820 -0.2173372
1305031104.7112770 1.3542951 0.6279156 1.7250545 0.5838270 0.3810304 -0.2000415 -0.2255905
1305031104.7432799 1.3648371 0.6291478 1.7305927 0.5826629 0.3757457 -0.2024967 -0.2332662
1305031104.7753270 1.3753813 0.6283451 1.7345434 0.5817067 0.3703677 -0.2046042 -0.2407940
1305031104.8114650 1.3856216 0.6283740 1.7361294 0.5810631 0.3652995 -0.2064958 -0.2474029
1305031104.8432579 1.3941723 0.6268517 1.7368838 0.5811639 0.3606386 -0.2075949 -0.2531671
1305031104.8753500 1.39881 0.628499 1.73972 0.767096 0.471352 -0.274476 -0.274476
1305031104.9115341 1.4052565 0.6208836 1.7326196 0.5814074 0.3556873 -0.2097539 -0.2581378
1305031104.9432621 1.4057698 0.6199079 1.7303008 0.5815568 0.3549560 -0.2098809 -0.2589159
1305031104.9752021 1.4073718 0.6189895 1.7237442 0.5817105 0.3548990 -0.2102163 -0.2585943
1305031105.0112901 1.4041541 0.6210054 1.7144704 0.5829461 0.3558621 -0.2096489 -0.2566881
1305031105.0433731 1.3990378 0.6203665 1.7073794 0.5838333 0.3579065 -0.2075971 -0.2547458
1305031105.0753200 1.3907539 0.6197324 1.7004242 0.5847112 0.3606635 -0.2049186 -0.2522472
1305031105.1112990 1.3791986 0.6183185 1.6960851 0.5857631 0.3631322 -0.2024749 -0.2497271
1305031105.1431060 1.3714942 0.6151016 1.6863546 0.5858651 0.3657810 -0.2007608 -0.2471393
1305031105.1751590 1.3646145 0.6109998 1.6693483 0.5867281 0.3705900 -0.1967801 -0.2423329
1305031105.2112679 1.3494232 0.6081416 1.6631648 0.5885611 0.3752701 -0.1931894 -0.2361869
1305031105.2432699 1.3384048 0.6049454 1.6520372 0.5889068 0.3788541 -0.1918799 -0.2311347
1305031105.2752881 1.3277400 0.6018126 1.6403513 0.5896572 0.3828481 -0.1903649 -0.2249554
1305031105.3112900 1.3135099 0.6011782 1.6324695 0.5905793 0.3869446 -0.1893782 -0.2176822
1305031105.3433020 1.2966714 0.6033588 1.6242392 0.5914754 0.3903170 -0.1890712 -0.2108263
1305031105.3753381 1.2837337 0.6049524 1.6187082 0.5918740 0.3921231 -0.1896736 -0.2064278
1305031105.4112861 1.2780263 0.6021702 1.6056236 0.5914325 0.3941424 -0.1893741 -0.2033545
1305031105.4433160 1.2613067 0.6042073 1.5977864 0.5922527 0.3968231 -0.1883356 -0.1980534
1305031105.4752800 1.2505166 0.6043757 1.5896378 0.5924357 0.3982584 -0.1881693 -0.1950818
1305031105.5113320 1.24414 0.602907 1.58198 0.775913 0.523406 -0.245317 -0.245317
1305031105.5432820 1.2280062 0.6051148 1.5705817 0.5937871 0.4006495 -0.1864211 -0.1900875
1305031105.5754490 1.2182531 0.6043757 1.5609378 0.5941663 0.4014328 -0.1858018 -0.1885371
1305031105.6113780 1.2045065 0.6063079 1.5535118 0.5949783 0.4022570 -0.1851011 -0.1863752
1305031105.6432731 1.1943606 0.6054625 1.5436944 0.5961551 0.4015838 -0.1856210 -0.1857054
1305031105.7113090 1.1703577 0.6129928 1.5249297 0.5970692 0.4016986 -0.1851654 -0.1846449
1305031105.7433119 1.1643490 0.6154265 1.5128706 0.5974568 0.4004978 -0.1849348 -0.1869277
1305031105.7753389 1.1513818 0.6190369 1.5023066 0.5984513 0.4001041 -0.1830446 -0.1882415
1305031105.8112831 1.1417755 0.6185227 1.4924932 0.5993993 0.3988019 -0.1815132 -0.1911408
1305031105.8432710 1.1322115 0.6212209 1.4821805 0.6001727 0.3976512 -0.1809779 -0.1929636
1305031105.8753369 1.1267769 0.6237216 1.4699702 0.6018801 0.3958678 -0.1801180 -0.1950467
1305031105.9112620 1.1179705 0.6243642 1.4581895 0.6048382 0.3944318 -0.1785830 -0.1951999
1305031105.9432721 1.1119841 0.6248956 1.4451789 0.6066505 0.3934594 -0.1772712 -0.1957481
1305031105.9753289 1.1040092 0.6253615 1.4342029 0.6085964 0.3936251 -0.1750186 -0.1945962
1305031106.0112851 1.0963894 0.6269944 1.4235695 0.6104797 0.3937712 -0.1729257 -0.1933529
1305031106.0433550 1.0885480 0.6259312 1.4129527 0.6121397 0.3940827 -0.1703361 -0.1924789
1305031106.0753300 1.0816219 0.6255757 1.4028789 0.6137611 0.3942578 -0.1688616 -0.1908895
1305031106.1113269 1.0762008 0.6238565 1.3912629 0.6150603 0.3950013 -0.1669317 -0.1889763
1305031106.1433549 1.0673801 0.6213705 1.3831082 0.6169288 0.3962364 -0.1646286 -0.1853383
1305031106.1755340 1.06025 0.622248 1.3804 0.797432 0.513254 -0.211671 -0.211671
1305031106.2112751 1.0526791 0.6207180 1.3683510 0.6184193 0.3977859 -0.1633343 -0.1805991
1305031106.2432671 1.0490075 0.6194501 1.3615410 0.6195456 0.3967375 -0.1646678 -0.1797299
1305031106.2763851 1.0479816 0.6184543 1.3540312 0.6196212 0.3968417 -0.1652297 -0.1788490
1305031106.3112381 1.0462091 0.6177083 1.3468402 0.6213444 0.3964061 -0.1652458 -0.1767197
1305031106.3432579 1.0459695 0.6184104 1.3411485 0.6219374 0.3979881 -0.1638836 -0.1733220
1305031106.3753879 1.0448389 0.6219315 1.3388338 0.6207602 0.4023513 -0.1590404 -0.1699030
1305031106.4113200 1.0407013 0.6239835 1.3393784 0.6202175 0.4048643 -0.1534151 -0.1701227
1305031106.4432781 1.0377728 0.6208762 1.3441217 0.6198699 0.4060370 -0.1494658 -0.1714862
1305031106.4753449 1.0385776 0.6173017 1.3498378 0.6193604 0.4066893 -0.1486663 -0.1715750
1305031106.5111289 1.0397137 0.6148935 1.3568919 0.6186272 0.4069933 -0.1501127 -0.1709386
1305031106.5433021 1.0453100 0.6165316 1.3645971 0.6167066 0.4075280 -0.1532946 -0.1703386
1305031106.5752821 1.0518250 0.6158497 1.3730429 0.6154321 0.4075575 -0.1549628 -0.1710573
1305031106.6111510 1.0597734 0.6139531 1.3814428 0.6135941 0.4089243 -0.1556102 -0.1704679
1305031106.6432071 1.0642602 0.6135445 1.3926731 0.6123337 0.4101243 -0.1559890 -0.1694508
1305031106.6752789 1.0737890 0.6110315 1.4032476 0.6113079 0.4101631 -0.1580174 -0.1692735
1305031106.7115080 1.0810323 0.6087402 1.4122790 0.6101031 0.4115151 -0.1595942 -0.1665830
1305031106.7433410 1.0906941 0.6075795 1.4241973 0.6086955 0.4119946 -0.1629763 -0.1645658
1305031106.7753899 1.1005012 0.6084462 1.4357424 0.6072327 0.4127098 -0.1659334 -0.1623531
1305031106.8112891 1.1128372 0.6092944 1.4458352 0.6060635 0.4133467 -0.1679723 -0.1606686
1305031106.8434160 1.1169823 0.6101112 1.4580354 0.6049838 0.4145570 -0.1691298 -0.1582017
1305031106.8759050 1.1270770 0.6119333 1.4721812 0.6020887 0.4148788 -0.1716120 -0.1597149
1305031106.9112430 1.1437660 0.6122143 1.4831925 0.5994475 0.4150713 -0.1725273 -0.1626329
1305031106.9434390 1.1515716 0.6127037 1.4935715 0.5974757 0.4156719 -0.1722717 -0.1645325
1305031106.9755471 1.1596191 0.6129346 1.5082595 0.5956605 0.4151724 -0.1728319 -0.1680010
1305031107.0115759 1.1800879 0.6102515 1.5216392 0.5933826 0.4141104 -0.1733640 -0.1733917
1305031107.0432811 1.1866411 0.6093098 1.5331426 0.5930957 0.4144936 -0.1717492 -0.1744891
1305031107.0754321 1.1949196 0.6060230 1.5490648 0.5922320 0.4137561 -0.1723512 -0.1768477
1305031107.1112289 1.2089192 0.6045431 1.5614739 0.4123745 0.5916896 -0.1741764 -0.1790215
1305031107.1432600 1.2216965 0.6068017 1.5693254 0.4117049 0.5911492 -0.1751876 -0.1803038
1305031107.1753991 1.2258066 0.6080218 1.5794285 0.4113581 0.5909059 -0.1752805 -0.1813280
1305031107.2113581 1.2326974 0.6096487 1.5933188 0.4099542 0.5901729 -0.1761784 -0.1845788
1305031107.2433779 1.2439918 0.6104346 1.6048102 0.4088464 0.5886848 -0.1769595 -0.1881645
1305031107.2753980 1.2506819 0.6123115 1.6147718 0.5878299 0.4074849 -0.1777057 -0.1914480
1305031107.3112259 1.2570444 0.6134684 1.6263189 0.5869760 0.4055963 -0.1786150 -0.1955991
1305031107.3435090 1.2641916 0.6153349 1.6371120 0.5850822 0.4025438 -0.1811965 -0.2016393
1305031107.3754129 1.2756182 0.6156469 1.6449099 0.5841993 0.3996804 -0.1823262 -0.2072185
1305031107.4112711 1.2841540 0.6160276 1.6481374 0.5830102 0.3972197 -0.1829642 -0.2125838
1305031107.4434190 1.2929234 0.6172608 1.6501979 0.5824530 0.3948570 -0.1834716 -0.2170722
1305031107.4753771 1.2959350 0.6191439 1.6529124 0.5829704 0.3931438 -0.1830381 -0.2200082
1305031107.5113521 1.3032985 0.6204106 1.6543635 0.5833943 0.3919265 -0.1823744 -0.2222969
1305031107.5436051 1.3037983 0.6220936 1.6530808 0.5850309 0.3914970 -0.1810696 -0.2224839
1305031107.5754540 1.2994661 0.6243784 1.6550377 0.5865900 0.3907322 -0.1806102 -0.2226122
1305031107.6112709 1.3043113 0.6263197 1.6531662 0.5874343 0.3897074 -0.1808880 -0.2233088
1305031107.6433229 1.3033122 0.6270731 1.6490279 0.5887056 0.3898010 -0.1796403 -0.2228243
1305031107.6755681 1.3014992 0.6268433 1.6471056 0.5892792 0.3898566 -0.1791074 -0.2225490
1305031107.7113070 1.3021142 0.6258380 1.6439441 0.5899405 0.3898397 -0.1789607 -0.2219902
1305031107.7435379 1.3028784 0.6223086 1.6384514 0.5904963 0.3903682 -0.1784438 -0.2208757
1305031107.7758019 1.2994008 0.6224334 1.6372322 0.5902278 0.3919995 -0.1779924 -0.2186307
1305031107.8115959 1.2985161 0.6248488 1.6359308 0.5904853 0.3929721 -0.1780844 -0.2165174
1305031107.8433321 1.2979587 0.6274699 1.6340339 0.5905259 0.3939061 -0.1774013 -0.2153327
1305031107.8753581 1.2938501 0.6327301 1.6347346 0.5895863 0.3952006 -0.1758922 -0.2152406
1305031107.9115410 1.2918605 0.6368500 1.6349770 0.5891407 0.3953012 -0.1743739 -0.2167760
1305031107.9431219 1.2897694 0.6423682 1.6346358 0.5891889 0.3945154 -0.1736670 -0.2187138
1305031107.9758070 1.2875393 0.6491614 1.6336775 0.5894658 0.3932087 -0.1729024 -0.2213570
1305031108.0113201 1.2871299 0.6584843 1.6328203 0.5886430 0.3921193 -0.1721179 -0.2247520
1305031108.0434179 1.2879907 0.6719323 1.6322290 0.5902225 0.3898682 -0.1712005 -0.2276841
1305031108.0753520 1.2834290 0.6823402 1.6299945 0.5935511 0.3865686 -0.1691877 -0.2312224
1305031108.1113780 1.2818329 0.6876974 1.6286128 0.5939832 0.3846637 -0.1672517 -0.2353063
1305031108.1433339 1.2830285 0.6985407 1.6272900 0.5945705 0.3831259 -0.1668476 -0.2374672
1305031108.1760581 1.2873496 0.7072718 1.6252023 0.5967992 0.3816602 -0.1654861 -0.2383919
1305031108.2114749 1.2814660 0.7188793 1.6218784 0.5978300 0.3829013 -0.1628137 -0.2371200
1305031108.2433469 1.2740924 0.7394473 1.6223639 0.5975900 0.3839057 -0.1612107 -0.2368540
1305031108.2753580 1.2796762 0.7502026 1.6223309 0.5982352 0.3828260 -0.1596424 -0.2389455
1305031108.3113320 1.2800691 0.7542946 1.6161618 0.5999844 0.3825003 -0.1575923 -0.2388991
1305031108.3432779 1.2790026 0.7637566 1.6103854 0.6017160 0.3832510 -0.1568912 -0.2361985
1305031108.3754101 1.2762691 0.7716891 1.6082289 0.6047110 0.3833927 -0.1568452 -0.2324906
1305031108.4113610 1.2740132 0.7868392 1.6062379 0.6075760 0.3835530 -0.1584242 -0.2276286
1305031108.4436100 1.2741735 0.8008580 1.6038037 0.6109208 0.3825868 -0.1593322 -0.2243339
1305031108.4754710 1.2695088 0.8144100 1.6034597 0.6143847 0.3812038 -0.1599894 -0.2215901
1305031108.5113780 1.2633923 0.8350094 1.5984090 0.6164667 0.3791291 -0.1610247 -0.2215262
1305031108.5437369 1.2618347 0.8528051 1.5963148 0.6159045 0.3773924 -0.1603478 -0.2257238
1305031108.5754139 1.2695793 0.8628841 1.5957844 0.6150812 0.3761233 -0.1594409 -0.2295676
1305031108.6114070 1.2694616 0.8722856 1.5934433 0.6167327 0.3741918 -0.1566479 -0.2324207
1305031108.6433029 1.2739884 0.8797878 1.5932340 0.6179723 0.3724210 -0.1543545 -0.2351268
1305031108.6753750 1.2761861 0.8903003 1.5920759 0.6212340 0.3703104 -0.1515186 -0.2359173
1305031108.7114110 1.2742127 0.9038875 1.5908018 0.6244900 0.3686225 -0.1482882 -0.2361386
1305031108.7435019 1.2722642 0.9118622 1.5908083 0.6259162 0.3677017 -0.1455703 -0.2372703
1305031108.7754929 1.2738839 0.9179063 1.5908226 0.6277997 0.3660537 -0.1437215 -0.2382931
1305031108.8112440 1.2723645 0.9223133 1.5906941 0.6305354 0.3639455 -0.1426644 -0.2382610
1305031108.8432641 1.2690513 0.9232488 1.5908594 0.6325932 0.3617568 -0.1436066 -0.2380476
1305031108.8765149 1.2704631 0.9239252 1.5922639 0.6341100 0.3597114 -0.1469030 -0.2369075
1305031108.9113641 1.2698376 0.9262351 1.5949698 0.6351411 0.3579746 -0.1508682 -0.2355089
1305031108.9432430 1.2710092 0.9251168 1.5986448 0.6339009 0.3574835 -0.1546770 -0.2356379
1305031108.9752679 1.2770697 0.9204986 1.5991670 0.6311918 0.3587166 -0.1584373 -0.2352592
1305031109.0112691 1.2814152 0.9213782 1.5991160 0.6300831 0.3599021 -0.1606068 -0.2335876
1305031109.0432770 1.2841629 0.9167688 1.6000321 0.6284000 0.3608774 -0.1615079 -0.2339081
1305031109.0754099 1.2910375 0.9094159 1.5977857 0.6259072 0.3634160 -0.1617509 -0.2333749
1305031109.1112821 1.2886244 0.9023423 1.5985348 0.6257730 0.3654353 -0.1602243 -0.2314574
1305031109.1433339 1.2837747 0.8853817 1.6004350 0.6245722 0.3672369 -0.1590899 -0.2310993
1305031109.1754639 1.2887890 0.8717946 1.6025009 0.6224577 0.3695353 -0.1607770 -0.2292414
1305031109.2113791 1.2932419 0.8660044 1.6025979 0.6232053 0.3713887 -0.1618240 -0.2244014
1305031109.2432899 1.2886565 0.8604728 1.5990386 0.6274197 0.3715166 -0.1625864 -0.2173269
1305031109.2753079 1.2790578 0.8496364 1.5988603 0.6284673 0.3719225 -0.1645325 -0.2135125
1305031109.3113289 1.2817402 0.8358397 1.6013437 0.6262333 0.3734627 -0.1695471 -0.2103837
1305031109.3432479 1.2860074 0.8183113 1.5989944 0.6247740 0.3757194 -0.1724355 -0.2062711
1305031109.3753970 1.2799292 0.8064435 1.5974465 0.6239653 0.3779927 -0.1747438 -0.2014032
1305031109.4113290 1.2834705 0.7967237 1.5982807 0.6208147 0.3809925 -0.1773241 -0.1985285
1305031109.4433019 1.2847891 0.7872951 1.5993028 0.6186215 0.3846463 -0.1772870 -0.1949807
1305031109.4753630 1.2811682 0.7764476 1.6014899 0.6177317 0.3869445 -0.1763178 -0.1927263
1305031109.5112729 1.2779904 0.7633917 1.6054781 0.6159275 0.3889217 -0.1758941 -0.1920280
1305031109.5432940 1.2803154 0.7488667 1.6071167 0.6143070 0.3892304 -0.1768378 -0.1931069
1305031109.5753620 1.2823097 0.7361270 1.6075052 0.6140687 0.3892383 -0.1772160 -0.1931178
1305031109.6113100 1.2831706 0.7219052 1.6074729 0.6127651 0.3903023 -0.1772922 -0.1929303
1305031109.6432290 1.2849841 0.7115443 1.6087328 0.6125536 0.3908332 -0.1775995 -0.1918978
1305031109.6752629 1.2851672 0.6985772 1.6085626 0.6136389 0.3908484 -0.1775181 -0.1902387
1305031109.7113121 1.2871160 0.6848974 1.6066778 0.6130639 0.3921442 -0.1778824 -0.1881286
1305031109.7432740 1.2854311 0.6720674 1.6045558 0.6131487 0.3937482 -0.1772818 -0.1851871
1305031109.7752769 1.2819352 0.6622363 1.6034580 0.6135278 0.3946957 -0.1771396 -0.1826738
1305031109.8113711 1.2822422 0.6469808 1.6021569 0.6131731 0.3956758 -0.1763083 -0.1819399
1305031109.8432961 1.2803076 0.6341062 1.6007523 0.6130650 0.3970683 -0.1759341 -0.1794293
1305031109.8753059 1.2765758 0.6187187 1.5982331 0.6122820 0.3991281 -0.1752311 -0.1768325
1305031109.9112649 1.2707704 0.6054613 1.5970337 0.6095962 0.4019367 -0.1757670 -0.1743946
1305031109.9432991 1.2741038 0.5933728 1.5916948 0.6075683 0.4036792 -0.1759963 -0.1734897
1305031109.9752581 1.2671862 0.5792701 1.5897722 0.6060623 0.4067478 -0.1735722 -0.1712136
1305031110.0112560 1.2647704 0.5671745 1.5865307 0.6032237 0.4096554 -0.1722671 -0.1702084
1305031110.0432990 1.2618194 0.5549094 1.5842950 0.6007857 0.4123708 -0.1700734 -0.1697416
1305031110.0753191 1.2611913 0.5411017 1.5830196 0.5991088 0.4143621 -0.1679919 -0.1695903
1305031110.1113250 1.2565498 0.5263425 1.5801224 0.5977878 0.4169697 -0.1654479 -0.1677283
1305031110.1434319 1.2497247 0.5140816 1.5828237 0.5962664 0.4190247 -0.1649271 -0.1654437
1305031110.1756411 1.2532629 0.5031936 1.5793095 0.4182128 0.5976277 -0.1660578 -0.1642425
1305031110.2116370 1.2470573 0.4922144 1.5784361 0.4184330 0.5994267 -0.1655948 -0.1612529
1305031110.2433231 1.2430306 0.4815655 1.5788793 0.4181634 0.6001782 -0.1671637 -0.1590821
1305031110.2793210 1.2410580 0.4733514 1.5780251 0.4169308 0.6010385 -0.1695967 -0.1582934
1305031110.3114040 1.2418228 0.4604480 1.5784542 0.4153847 0.6018112 -0.1715973 -0.1588847
1305031110.3433549 1.2427955 0.4495241 1.5772854 0.4140491 0.6029261 -0.1740399 -0.1578003
1305031110.3792810 1.2423347 0.4369166 1.5774416 0.4119501 0.6051869 -0.1761326 -0.1570069
1305031110.4114690 1.2483715 0.4245806 1.5771186 0.4099295 0.6071854 -0.1787535 -0.1557363
1305031110.4432600 1.2475364 0.4135193 1.5731433 0.4086327 0.6104222 -0.1792889 -0.1524890
1305031110.4793310 1.2425587 0.4009168 1.5708063 0.4063056 0.6143256 -0.1802945 -0.1498684
1305031110.5114291 1.2423192 0.3889440 1.5722557 0.4041981 0.6170609 -0.1824516 -0.1473419
1305031110.5434079 1.2462994 0.3787362 1.5694758 0.4019903 0.6196624 -0.1846055 -0.1451539
1305031110.5794261 1.2478229 0.3698063 1.5660897 0.4001200 0.6232098 -0.1849722 -0.1419823
1305031110.6113069 1.2393106 0.3626836 1.5645621 0.3993828 0.6259031 -0.1843964 -0.1385368
1305031110.6434181 1.2369334 0.3540845 1.5669897 0.3979137 0.6272773 -0.1851610 -0.1384391
1305031110.6796060 1.2443619 0.3457965 1.5668190 0.3965903 0.6283937 -0.1858446 -0.1386094
1305031110.7114120 1.2400124 0.3399274 1.5641673 0.3964169 0.6298275 -0.1852114 -0.1364259
1305031110.7432489 1.2383894 0.3347049 1.5645218 0.3957845 0.6306887 -0.1855317 -0.1356659
1305031110.7791929 1.2403781 0.3312352 1.5640898 0.3951539 0.6311484 -0.1862525 -0.1353519
1305031110.8113861 1.2411339 0.3281860 1.5635591 0.3944293 0.6321656 -0.1858299 -0.1354515
1305031110.8432181 1.2394913 0.3253217 1.5628740 0.3937705 0.6334510 -0.1857014 -0.1342364
1305031110.8793130 1.2395946 0.3262655 1.5620373 0.3933860 0.6336003 -0.1868824 -0.1333326
1305031110.9113331 1.2400914 0.3272197 1.5610874 0.3929112 0.6342268 -0.1871481 -0.1327112
1305031110.9438620 1.2401200 0.3311112 1.5591241 0.3920899 0.6347434 -0.1883407 -0.1320817
1305031110.9793451 1.2426872 0.3376723 1.5570023 0.3921056 0.6345724 -0.1881092 -0.1328190
1305031111.0114310 1.2397383 0.3453610 1.5534709 0.3937386 0.6335239 -0.1859743 -0.1337615
1305031111.0433271 1.2417584 0.3523169 1.5556143 0.3953386 0.6317137 -0.1843030 -0.1360397
1305031111.0792830 1.2434612 0.3579907 1.5562010 0.3972030 0.6306293 -0.1824332 -0.1358724
1305031111.1115079 1.2396627 0.3659964 1.5532212 0.3989388 0.6291689 -0.1814686 -0.1357452
1305031111.1432569 1.2384090 0.3773605 1.5533519 0.3992683 0.6281884 -0.1817261 -0.1368703
1305031111.1793261 1.2402664 0.3895976 1.5531269 0.3996692 0.6268041 -0.1813233 -0.1395997
1305031111.2114329 1.2417575 0.3997935 1.5551881 0.4020782 0.6239175 -0.1786185 -0.1429577
1305031111.2432361 1.2389125 0.4049130 1.5552581 0.4023641 0.6235932 -0.1771498 -0.1447106
1305031111.2793081 1.2388606 0.4160590 1.5570755 0.4028074 0.6215033 -0.1779634 -0.1471300
1305031111.3115470 1.2465826 0.4272821 1.5589698 0.4035684 0.6190129 -0.1782866 -0.1500048
1305031111.3433969 1.2450108 0.4347037 1.5581076 0.4040350 0.6200348 -0.1778039 -0.1471413
1305031111.3791339 1.2374666 0.4492247 1.5568004 0.4051258 0.6184752 -0.1796503 -0.1452293
1305031111.4112959 1.2429988 0.4592560 1.5605023 0.4034384 0.6185259 -0.1817977 -0.1471325
1305031111.4433861 1.2414174 0.4766725 1.5561412 0.4010827 0.6209652 -0.1842253 -0.1452937
1305031111.4792590 1.2402754 0.4955770 1.5554822 0.4021584 0.6184232 -0.1830718 -0.1492603
1305031111.5112641 1.2411566 0.5093460 1.5575666 0.4028642 0.6163692 -0.1803808 -0.1548062
1305031111.5432501 1.2388316 0.5235257 1.5590761 0.4038122 0.6140228 -0.1791982 -0.1582968
1305031111.5792370 1.2462126 0.5356508 1.5620921 0.4063836 0.6091777 -0.1772055 -0.1629549
1305031111.6112709 1.2447869 0.5386073 1.5609212 0.4095190 0.6055492 -0.1748546 -0.1639934
1305031111.6433949 1.2387696 0.5507115 1.5631091 0.4112644 0.6021799 -0.1764328 -0.1636078
1305031111.6793201 1.2461055 0.5694463 1.5655118 0.4132141 0.5972460 -0.1764492 -0.1666442
1305031111.7117600 1.2464067 0.5838779 1.5595062 0.4142627 0.5946811 -0.1743804 -0.1701072
1305031111.7433860 1.2466517 0.6044213 1.5570971 0.5952217 0.4120767 -0.1735641 -0.1753686
1305031111.7794230 1.2508724 0.6172734 1.5557721 0.5993192 0.4075881 -0.1687667 -0.1842737
1305031111.8114059 1.2480612 0.6245452 1.5543841 0.6016542 0.4046346 -0.1636993 -0.1918143
1305031111.8432989 1.2522336 0.6344437 1.5552668 0.6034537 0.4014687 -0.1613336 -0.1978191
1305031111.8794420 1.2535896 0.6410586 1.5527896 0.6063002 0.3988632 -0.1591178 -0.2008495
1305031111.9113541 1.2491215 0.6426248 1.5512469 0.6086436 0.3965201 -0.1595136 -0.2018414
1305031111.9433000 1.2528975 0.6536831 1.5544164 0.6111884 0.3938937 -0.1634543 -0.2001444
1305031111.9794490 1.2555517 0.6743734 1.5544312 0.6140710 0.3910493 -0.1659497 -0.1993645
1305031112.0114329 1.2543300 0.6937420 1.5531559 0.6142905 0.3898925 -0.1645414 -0.2024404
1305031112.0432701 1.2581884 0.7131368 1.5556127 0.6139471 0.3886350 -0.1631168 -0.2064841
1305031112.0793390 1.2593365 0.7281515 1.5566392 0.6150166 0.3864967 -0.1590612 -0.2120158
1305031112.1114230 1.2603400 0.7339304 1.5565847 0.6137866 0.3858204 -0.1548765 -0.2180200
1305031112.1443419 1.2649340 0.7529228 1.5568817 0.6121508 0.3867562 -0.1523877 -0.2203514
1305031112.1793900 1.2662710 0.7662029 1.5576830 0.6134083 0.3858068 -0.1452539 -0.2250760
1305031112.2112539 1.2569863 0.7786394 1.5561461 0.6131710 0.3855728 -0.1391801 -0.2295863
1305031112.2433691 1.2542863 0.7896174 1.5600583 0.6119647 0.3839833 -0.1357625 -0.2357818
1305031112.2793529 1.2542301 0.7961809 1.5616370 0.6108775 0.3823148 -0.1336180 -0.2410233
1305031112.3113120 1.2523170 0.8029208 1.5625915 0.6093736 0.3806548 -0.1339241 -0.2452678
1305031112.3433230 1.2557161 0.8113319 1.5655611 0.6088687 0.3785040 -0.1363990 -0.2478158
1305031112.3793600 1.2581625 0.8210684 1.5659777 0.6093293 0.3764742 -0.1396681 -0.2485475
1305031112.4114420 1.2612445 0.8349068 1.5650408 0.6098394 0.3750643 -0.1433375 -0.2479920
1305031112.4433911 1.2593555 0.8474049 1.5685082 0.6119961 0.3729695 -0.1458811 -0.2471064
1305031112.4794180 1.2610356 0.8529208 1.5688063 0.6148791 0.3691195 -0.1494160 -0.2472657
1305031112.5115039 1.2624915 0.8622483 1.5694184 0.6167304 0.3667656 -0.1538193 -0.2457670
1305031112.5432119 1.2641966 0.8742595 1.5708622 0.6171555 0.3656532 -0.1576137 -0.2444816
1305031112.5792520 1.2672638 0.8834171 1.5705154 0.6182932 0.3637238 -0.1614760 -0.2433870
1305031112.6112609 1.2760903 0.8998769 1.5726857 0.6204834 0.3615663 -0.1649403 -0.2414301
1305031112.6432459 1.2775754 0.9110560 1.5729025 0.6249883 0.3582424 -0.1634890 -0.2413285
1305031112.6799519 1.2773747 0.9166086 1.5727726 0.6273486 0.3564960 -0.1611934 -0.2422081
1305031112.7112510 1.2783324 0.9190650 1.5715458 0.6291328 0.3551996 -0.1590045 -0.2430742
1305031112.7432449 1.2849848 0.9185731 1.5685980 0.6323889 0.3531033 -0.1572856 -0.2426495
1305031112.7793100 1.2802631 0.9183345 1.5677981 0.6358520 0.3529882 -0.1528336 -0.2406429
1305031112.8113101 1.2745287 0.9137853 1.5673694 0.6364865 0.3534294 -0.1512583 -0.2400516
1305031112.8432860 1.2754819 0.9061071 1.5653573 0.6350121 0.3560813 -0.1516468 -0.2380589
1305031112.8794210 1.2726606 0.9027671 1.5640643 0.6365026 0.3565407 -0.1515569 -0.2351890
1305031112.9114110 1.2711009 0.8988731 1.5629764 0.6372798 0.3571440 -0.1527789 -0.2322835
1305031112.9433210 1.2678261 0.8921491 1.5624633 0.6364106 0.3592961 -0.1538738 -0.2295635
1305031112.9792781 1.2672265 0.8866138 1.5620199 0.6348531 0.3614654 -0.1556000 -0.2273902
1305031113.0113530 1.2720903 0.8812433 1.5625947 0.6343501 0.3625635 -0.1568635 -0.2255455
1305031113.0432310 1.2709530 0.8750117 1.5624723 0.6340690 0.3647672 -0.1558360 -0.2231295
1305031113.0792511 1.2653106 0.8649830 1.5651258 0.6316453 0.3676618 -0.1553466 -0.2225004
1305031113.1113160 1.2676647 0.8513212 1.5676636 0.6287609 0.3699317 -0.1566940 -0.2222248
1305031113.1433060 1.2730131 0.8409035 1.5662473 0.6281884 0.3710581 -0.1571980 -0.2208568
1305031113.1793430 1.2669905 0.8316411 1.5669300 0.6290871 0.3716037 -0.1574651 -0.2183592
1305031113.2112589 1.2650261 0.8181393 1.5687424 0.6280914 0.3723886 -0.1605543 -0.2163041
1305031113.2432270 1.2692124 0.7992428 1.5735590 0.6282546 0.3735191 -0.1619814 -0.2130114
1305031113.2793119 1.2608092 0.7869076 1.5771216 0.6287331 0.3749031 -0.1630570 -0.2089621
1305031113.3114519 1.2516511 0.7687677 1.5828048 0.6282034 0.3745925 -0.1672101 -0.2070851
1305031113.3432519 1.2618947 0.7549856 1.5790571 0.6241547 0.3753714 -0.1749064 -0.2058087
1305031113.3793120 1.2589034 0.7406976 1.5786147 0.6226341 0.3785149 -0.1768575 -0.2007262
1305031113.4116249 1.2472131 0.7229743 1.5782315 0.6215689 0.3798261 -0.1790752 -0.1979749
1305031113.4432659 1.2532311 0.7058770 1.5777143 0.6175552 0.3821818 -0.1817174 -0.1974414
1305031113.4793110 1.2515626 0.6897461 1.5783676 0.6150918 0.3860527 -0.1817261 -0.1937109
1305031113.5115230 1.2453197 0.6734841 1.5803761 0.6145986 0.3886983 -0.1816109 -0.1892520
1305031113.5432420 1.2394983 0.6585400 1.5792177 0.6124451 0.3913035 -0.1826711 -0.1862647
1305031113.5793011 1.2429057 0.6442066 1.5799505 0.6094727 0.3935387 -0.1838031 -0.1851382
1305031113.6112680 1.2394752 0.6327437 1.5788200 0.6076705 0.3962071 -0.1831702 -0.1828673
1305031113.6432221 1.2376039 0.6190075 1.5781978 0.6066749 0.3980305 -0.1814349 -0.1821865
1305031113.6792879 1.2349072 0.6042812 1.5788027 0.6056816 0.3994011 -0.1796913 -0.1824533
1305031113.7119310 1.2322567 0.5923539 1.5786524 0.6039404 0.4009584 -0.1784047 -0.1829583
1305031113.7435901 1.2319225 0.5807089 1.5777501 0.6021788 0.4019918 -0.1767512 -0.1849233
1305031113.7793200 1.2283732 0.5651711 1.5788911 0.6009436 0.4028333 -0.1746115 -0.1869180
1305031113.8112371 1.2290486 0.5513390 1.5786880 0.6001507 0.4029570 -0.1740946 -0.1882627
1305031113.8432951 1.2291523 0.5376737 1.5753370 0.5990702 0.4036781 -0.1724084 -0.1897834
1305031113.8792810 1.2195463 0.5214005 1.5768194 0.5974657 0.4050104 -0.1708070 -0.1905997
1305031113.9112899 1.2230631 0.5094782 1.5764792 0.5964485 0.4043797 -0.1727846 -0.1915295
1305031113.9432909 1.2205634 0.4991157 1.5764685 0.5952352 0.4044492 -0.1723967 -0.1933371
1305031113.9792931 1.2196735 0.4836064 1.5757239 0.5928516 0.4048186 -0.1714490 -0.1964610
1305031114.0112569 1.2198290 0.4655837 1.5745118 0.5902929 0.4052410 -0.1706057 -0.1994656
1305031114.0433011 1.2181894 0.4470258 1.5735278 0.5885333 0.4058669 -0.1712128 -0.1997630
1305031114.0792849 1.2155340 0.4334830 1.5721288 0.5868163 0.4062313 -0.1743199 -0.1983249
1305031114.1112630 1.2176930 0.4194060 1.5707654 0.4040919 0.5883332 -0.1771357 -0.1984276
1305031114.1432841 1.2157198 0.4072752 1.5694623 0.4025477 0.5905507 -0.1789925 -0.1972473
1305031114.1793370 1.2097860 0.3989606 1.5693963 0.4012966 0.5914709 -0.1809188 -0.1969127
1305031114.2113030 1.2175538 0.3830979 1.5656173 0.3993819 0.5920294 -0.1815354 -0.1995300
1305031114.2433369 1.2124546 0.3673084 1.5638245 0.3985370 0.5945487 -0.1808188 -0.1987412
1305031114.2793901 1.2103021 0.3515881 1.5638044 0.3972703 0.5963167 -0.1830682 -0.1969541
1305031114.3114290 1.2100816 0.3402835 1.5615719 0.3962012 0.5981303 -0.1863618 -0.1936107
1305031114.3433311 1.2061913 0.3334348 1.5583068 0.3946732 0.6005347 -0.1887184 -0.1911534
1305031114.3793199 1.2028186 0.3257036 1.5566265 0.3930544 0.6025458 -0.1893914 -0.1909826
1305031114.4113970 1.2020806 0.3121763 1.5568921 0.3912573 0.6043448 -0.1894050 -0.1920657
1305031114.4433451 1.2018984 0.2991543 1.5559977 0.3899829 0.6059136 -0.1906531 -0.1911379
1305031114.4793320 1.1979339 0.2868720 1.5556881 0.3887640 0.6076909 -0.1931231 -0.1884839
1305031114.5112660 1.1993889 0.2805515 1.5550260 0.3867979 0.6100562 -0.1964891 -0.1853960
1305031114.5432360 1.1949407 0.2790223 1.5534982 0.3870345 0.6111673 -0.1979268 -0.1815741
1305031114.5792370 1.1924776 0.2744802 1.5534420 0.3883375 0.6102627 -0.1983666 -0.1797671
1305031114.6113911 1.1938555 0.2679152 1.5522371 0.3895110 0.6097685 -0.1980719 -0.1783507
1305031114.6441360 1.1901028 0.2596787 1.5514402 0.3907682 0.6106620 -0.1969094 -0.1753975
1305031114.6792510 1.1864769 0.2552011 1.5523345 0.3902581 0.6125646 -0.1983666 -0.1716382
1305031114.7113061 1.1834318 0.2555373 1.5521976 0.3899158 0.6131306 -0.2005782 -0.1688361
1305031114.7432001 1.1811667 0.2558321 1.5517899 0.3880422 0.6148671 -0.2019913 -0.1683588
1305031114.7792890 1.1826208 0.2566108 1.5516240 0.3860257 0.6160453 -0.2031906 -0.1694075
1305031114.8113029 1.1865009 0.2570522 1.5508125 0.3855708 0.6163040 -0.2031268 -0.1700490
1305031114.8432081 1.1863774 0.2586475 1.5503026 0.3845552 0.6174098 -0.2031725 -0.1702819
1305031114.8792810 1.1890689 0.2617583 1.5486394 0.3845794 0.6173173 -0.2033757 -0.1701534
1305031114.9128790 1.1916093 0.2653425 1.5470960 0.3844917 0.6176324 -0.2032651 -0.1699078
1305031114.9432340 1.1923465 0.2736029 1.5428541 0.3842549 0.6186811 -0.2025993 -0.1693081
1305031114.9792800 1.1941540 0.2800003 1.5405858 0.3847487 0.6189596 -0.2008635 -0.1697373
1305031115.0113001 1.1971680 0.2876103 1.5376126 0.3854059 0.6198343 -0.1989382 -0.1688848
1305031115.0435081 1.1907527 0.3001722 1.5347060 0.3868007 0.6201789 -0.1969305 -0.1673953
1305031115.0792379 1.1941872 0.3095208 1.5335693 0.3874075 0.6200783 -0.1949459 -0.1685024
1305031115.1112299 1.1911400 0.3249487 1.5285850 0.3894319 0.6191182 -0.1928189 -0.1680842
1305031115.1432750 1.1886309 0.3378790 1.5281333 0.3919596 0.6171936 -0.1888365 -0.1702950
1305031115.1794400 1.1893587 0.3446861 1.5276945 0.3932501 0.6164951 -0.1863741 -0.1712986
1305031115.2113740 1.1811791 0.3609476 1.5247782 0.3949323 0.6149709 -0.1859293 -0.1706386
1305031115.2432971 1.1776390 0.3780792 1.5247567 0.3960087 0.6119095 -0.1865008 -0.1729018
1305031115.2799661 1.1831862 0.3904821 1.5226913 0.3972991 0.6094106 -0.1864737 -0.1742112
1305031115.3117039 1.1742136 0.4127196 1.5195482 0.4000280 0.6063276 -0.1861425 -0.1733897
1305031115.3432350 1.1795981 0.4298748 1.5180913 0.4009229 0.6028062 -0.1848252 -0.1783074
1305031115.3791659 1.1843727 0.4394528 1.5174182 0.4038950 0.6010062 -0.1818633 -0.1773784
1305031115.4112370 1.1798420 0.4440107 1.5139705 0.4053697 0.6018600 -0.1813879 -0.1731527
1305031115.4431591 1.1782920 0.4653917 1.5104918 0.4075230 0.6002750 -0.1824408 -0.1694113
1305031115.4792409 1.1782022 0.4803223 1.5087784 0.4101313 0.5986543 -0.1813956 -0.1667484
1305031115.5112531 1.1732897 0.5063178 1.5053123 0.4122467 0.5971042 -0.1812890 -0.1640447
1305031115.5436039 1.1721737 0.5323568 1.5045304 0.5939186 0.4145244 -0.1780003 -0.1668114
1305031115.5793149 1.1736854 0.5447731 1.5059526 0.5980792 0.4113308 -0.1745735 -0.1718980
1305031115.6114240 1.1743626 0.5563466 1.5072603 0.6015296 0.4084810 -0.1729999 -0.1749313
1305031115.6432540 1.1752346 0.5682589 1.5089028 0.6058353 0.4045734 -0.1718637 -0.1783152
1305031115.6792409 1.1774547 0.5779188 1.5117014 0.6102347 0.4003896 -0.1730285 -0.1795473
1305031115.7113199 1.1826277 0.5998237 1.5096703 0.6132509 0.3971247 -0.1767351 -0.1782021
1305031115.7432499 1.1822114 0.6240260 1.5068401 0.6168757 0.3938166 -0.1768721 -0.1792030
1305031115.7794249 1.1857281 0.6382744 1.5095938 0.6209524 0.3894015 -0.1750991 -0.1833891
1305031115.8112769 1.1898553 0.6564826 1.5073535 0.6250982 0.3850387 -0.1741260 -0.1861684
1305031115.8432240 1.1906998 0.6691954 1.5071908 0.6302825 0.3808803 -0.1705162 -0.1886938
1305031115.8791981 1.1887170 0.6770344 1.5084596 0.6339188 0.3768772 -0.1691075 -0.1913069
1305031115.9111180 1.1940781 0.6940661 1.5063540 0.6357150 0.3736471 -0.1706667 -0.1929397
1305031115.9433110 1.1967307 0.7101462 1.5052031 0.6392229 0.3702144 -0.1693987 -0.1941458
1305031115.9807401 1.1993614 0.7229609 1.5023683 0.6423619 0.3670414 -0.1680213 -0.1954374
1305031116.0113790 1.1996081 0.7414883 1.4951082 0.6445155 0.3648924 -0.1652637 -0.1976948
1305031116.0431640 1.2006579 0.7572021 1.4957680 0.6478846 0.3625737 -0.1591175 -0.2005285
1305031116.0800300 1.2044109 0.7649169 1.4923718 0.6516767 0.3593628 -0.1536465 -0.2032435
1305031116.1113000 1.2042347 0.7759439 1.4885721 0.6554503 0.3571306 -0.1473898 -0.2044733
1305031116.1434410 1.2013176 0.7803203 1.4878197 0.6590168 0.3542899 -0.1413424 -0.2066436
1305031116.1795721 1.2021045 0.7879008 1.4853045 0.6612527 0.3519957 -0.1384321 -0.2081009
1305031116.2112989 1.2034502 0.8008101 1.4838875 0.6638618 0.3503110 -0.1356292 -0.2075929
1305031116.2433200 1.2003610 0.8144197 1.4834917 0.6665540 0.3480717 -0.1328180 -0.2077299
1305031116.2793851 1.2025277 0.8220757 1.4855145 0.6691994 0.3444188 -0.1288295 -0.2108863
1305031116.3113360 1.2057219 0.8300239 1.4841012 0.6719147 0.3412007 -0.1249929 -0.2128650
1305031116.3432920 1.2004738 0.8336536 1.4808067 0.6740712 0.3379826 -0.1218417 -0.2153916
1305031116.3793840 1.2017746 0.8378381 1.4832961 0.6734246 0.3362093 -0.1225208 -0.2190646

