1305031102.1753039 1.3405000 0.6266000 1.6575000 0.6574281 0.6126262 -0.2949126 -0.3248139
1305031102.2112141 1.3383326 0.6254604 1.6494155 0.6563997 0.6155674 -0.2943935 -0.3217899
1305031102.2753260 1.3383326 0.6254604 1.6494155 0.6563997 0.6155674 -0.2943935 -0.3217899
1305031102.3112669 1.3383326 0.6254604 1.6494155 0.6563997 0.6155674 -0.2943935 -0.3217899
1305031102.3432331 1.3306492 0.6247490 1.6418415 0.6573840 0.6155381 -0.2948452 -0.3194143
1305031102.3753290 1.3210235 0.6248607 1.6334120 0.6577069 0.6165385 -0.2948500 -0.3168051
1305031102.4112580 1.3124388 0.6243464 1.6254595 0.6571322 0.6185137 -0.2949809 -0.3140133
1305031102.4432709 1.3069790 0.6247836 1.6148918 0.6576615 0.6208496 -0.2944849 -0.3087164
1305031102.4753180 1.2972702 0.6277011 1.6041211 0.6589047 0.6234966 -0.2923981 -0.3026548
1305031102.5112190 1.2860091 0.6309027 1.5950589 0.6598498 0.6256193 -0.2889018 -0.2995572
1305031102.5752859 1.2625177 0.6329332 1.5810900 0.6606330 0.6289955 -0.2817218 -0.2975930
1305031102.6112330 1.2504489 0.6308588 1.5766307 0.6616079 0.6270383 -0.2803648 -0.3008213
1305031102.6752851 1.2369710 0.6284417 1.5578730 0.6628049 0.6251971 -0.2817965 -0.3006811
1305031102.7112629 1.2266891 0.6281713 1.5488525 0.6636643 0.6246131 -0.2818022 -0.2999928
1305031102.7432339 1.2202775 0.6291012 1.5395743 0.6652567 0.6237532 -0.2817365 -0.2983120
1305031102.7754719 1.2108929 0.6309908 1.5292402 0.6651301 0.6247418 -0.2791876 -0.2989211
1305031102.8112321 1.2032989 0.6319722 1.5196971 0.6659743 0.6245336 -0.2764215 -0.3000453
1305031102.8432901 1.1928110 0.6319806 1.5093205 0.6667191 0.6244726 -0.2726548 -0.3019585
1305031102.8753631 1.1842151 0.6306572 1.5003816 0.6659340 0.6249370 -0.2699724 -0.3051239
1305031102.9111850 1.1763064 0.6295364 1.4921171 0.6655957 0.6252339 -0.2682118 -0.3068020
1305031102.9752030 1.1604477 0.6232650 1.4755149 0.6626893 0.6289987 -0.2704182 -0.3034428
1305031103.0112150 1.1545810 0.6181178 1.4665150 0.6635604 0.6284109 -0.2732629 -0.3001910
1305031103.0432270 1.1480472 0.6168268 1.4573298 0.6639314 0.6288725 -0.2766181 -0.2952912
1305031103.0753191 1.1396771 0.6197069 1.4490784 0.6647274 0.6279422 -0.2799712 -0.2923050
1305031103.1112399 1.1371642 0.6217549 1.4414977 0.6645871 0.6273367 -0.2812025 -0.2927420
1305031103.1433179 1.1304413 0.6233790 1.4339705 0.6661944 0.6267316 -0.2808513 -0.2907147
1305031103.1754520 1.1272665 0.6242481 1.4263456 0.6670225 0.6262652 -0.2799255 -0.2907140
1305031103.2112200 1.1242524 0.6229533 1.4169413 0.6692123 0.6264824 -0.2771857 -0.2878241
1305031103.2432160 1.1204083 0.6225594 1.4098425 0.6735596 0.6257436 -0.2736670 -0.2826107
1305031103.2753699 1.1137338 0.6213486 1.4020399 0.6769929 0.6271159 -0.2711307 -0.2736684
1305031103.3112099 1.1069319 0.6199592 1.4011972 0.6761419 0.6318449 -0.2723167 -0.2635294
1305031103.3432231 1.1065840 0.6227610 1.3998182 0.6754702 0.6329856 -0.2742487 -0.2604934
1305031103.3753271 1.1058861 0.6252455 1.3982160 0.6774452 0.6323608 -0.2730986 -0.2580795
1305031103.4112599 1.1042329 0.6255724 1.4013030 0.6789794 0.6318435 -0.2720485 -0.2564185
1305031103.4432800 1.1048661 0.6247912 1.4048262 0.6780565 0.6329245 -0.2733596 -0.2547951
1305031103.4752741 1.1062028 0.6239949 1.4092750 0.6763186 0.6346088 -0.2745298 -0.2539651
1305031103.5113330 1.1091597 0.6231781 1.4159244 0.6733461 0.6361584 -0.2762561 -0.2561055
1305031103.5434439 1.1126891 0.6223266 1.4230583 0.6704609 0.6367464 -0.2790416 -0.2591757
1305031103.5754740 1.1183622 0.6215237 1.4326580 0.6692637 0.6359313 -0.2824692 -0.2605545
1305031103.6112230 1.1242288 0.6209824 1.4415837 0.6683812 0.6352559 -0.2867410 -0.2598002
1305031103.6434450 1.1305887 0.6206899 1.4509753 0.6667941 0.6351383 -0.2912569 -0.2591415
1305031103.6755230 1.1377451 0.6213994 1.4611349 0.6650423 0.6353027 -0.2947410 -0.2593009
1305031103.7116101 1.1457107 0.6228004 1.4710815 0.6637407 0.6351020 -0.2972110 -0.2603060
1305031103.7433259 1.1520480 0.6240320 1.4818648 0.6622822 0.6351827 -0.2986330 -0.2621899
1305031103.7753420 1.1618498 0.6239091 1.4941911 0.6596816 0.6365241 -0.2988289 -0.2652518
1305031103.8112421 1.1727103 0.6230155 1.5048094 0.6582085 0.6381585 -0.2967625 -0.2672964
1305031103.8432510 1.1841524 0.6196210 1.5148596 0.6578140 0.6402653 -0.2934814 -0.2668516
