1305031102.1753039 1.3405000 0.6266000 1.6575000 0.6574281 0.6126262 -0.2949126 -0.3248139
1305031102.2112141 1.3383326 0.6254604 1.6494155 0.6563997 0.6155674 -0.2943935 -0.3217899
1305031102.2753260 1.3383326 0.6254604 1.6494155 0.6563997 0.6155674 -0.2943935 -0.3217899
1305031102.3112669 1.3383326 0.6254604 1.6494155 0.6563997 0.6155674 -0.2943935 -0.3217899
1305031102.3432331 1.3306492 0.6247490 1.6418415 0.6573840 0.6155381 -0.2948452 -0.3194143
1305031102.3753290 1.3210235 0.6248607 1.6334120 0.6577069 0.6165385 -0.2948500 -0.3168051
1305031102.4112580 1.3124388 0.6243464 1.6254595 0.6571322 0.6185137 -0.2949809 -0.3140133
1305031102.4432709 1.3069790 0.6247836 1.6148918 0.6576615 0.6208496 -0.2944849 -0.3087164
1305031102.4753180 1.2972702 0.6277011 1.6041211 0.6589047 0.6234966 -0.2923981 -0.3026548
1305031102.5112190 1.2860091 0.6309027 1.5950589 0.6598498 0.6256193 -0.2889018 -0.2995572
1305031102.5752859 1.2625177 0.6329332 1.5810900 0.6606330 0.6289955 -0.2817218 -0.2975930
1305031102.6112330 1.2504489 0.6308588 1.5766307 0.6616079 0.6270383 -0.2803648 -0.3008213
1305031102.6752851 1.2369710 0.6284417 1.5578730 0.6628049 0.6251971 -0.2817965 -0.3006811
1305031102.7112629 1.2266891 0.6281713 1.5488525 0.6636643 0.6246131 -0.2818022 -0.2999928
1305031102.7432339 1.2202775 0.6291012 1.5395743 0.6652567 0.6237532 -0.2817365 -0.2983120
1305031102.7754719 1.2108929 0.6309908 1.5292402 0.6651301 0.6247418 -0.2791876 -0.2989211
1305031102.8112321 1.2032989 0.6319722 1.5196971 0.6659743 0.6245336 -0.2764215 -0.3000453
1305031102.8432901 1.1928110 0.6319806 1.5093205 0.6667191 0.6244726 -0.2726548 -0.3019585
1305031102.8753631 1.1842151 0.6306572 1.5003816 0.6659340 0.6249370 -0.2699724 -0.3051239
1305031102.9111850 1.1763064 0.6295364 1.4921171 0.6655957 0.6252339 -0.2682118 -0.3068020
1305031102.9752030 1.1604477 0.6232650 1.4755149 0.6626893 0.6289987 -0.2704182 -0.3034428
1305031103.0112150 1.1545810 0.6181178 1.4665150 0.6635604 0.6284109 -0.2732629 -0.3001910
1305031103.0432270 1.1480472 0.6168268 1.4573298 0.6639314 0.6288725 -0.2766181 -0.2952912
1305031103.0753191 1.1396771 0.6197069 1.4490784 0.6647274 0.6279422 -0.2799712 -0.2923050
1305031103.1112399 1.1371642 0.6217549 1.4414977 0.6645871 0.6273367 -0.2812025 -0.2927420
1305031103.1433179 1.1304413 0.6233790 1.4339705 0.6661944 0.6267316 -0.2808513 -0.2907147
1305031103.1754520 1.1272665 0.6242481 1.4263456 0.6670225 0.6262652 -0.2799255 -0.2907140
1305031103.2112200 1.1242524 0.6229533 1.4169413 0.6692123 0.6264824 -0.2771857 -0.2878241
1305031103.2432160 1.1204083 0.6225594 1.4098425 0.6735596 0.6257436 -0.2736670 -0.2826107
1305031103.2753699 1.1137338 0.6213486 1.4020399 0.6769929 0.6271159 -0.2711307 -0.2736684
1305031103.3112099 1.1069319 0.6199592 1.4011972 0.6761419 0.6318449 -0.2723167 -0.2635294
1305031103.3432231 1.1065840 0.6227610 1.3998182 0.6754702 0.6329856 -0.2742487 -0.2604934
1305031103.3753271 1.1058861 0.6252455 1.3982160 0.6774452 0.6323608 -0.2730986 -0.2580795
1305031103.4112599 1.1042329 0.6255724 1.4013030 0.6789794 0.6318435 -0.2720485 -0.2564185
1305031103.4432800 1.1048661 0.6247912 1.4048262 0.6780565 0.6329245 -0.2733596 -0.2547951
1305031103.4752741 1.1062028 0.6239949 1.4092750 0.6763186 0.6346088 -0.2745298 -0.2539651
1305031103.5113330 1.1091597 0.6231781 1.4159244 0.6733461 0.6361584 -0.2762561 -0.2561055
1305031103.5434439 1.1126891 0.6223266 1.4230583 0.6704609 0.6367464 -0.2790416 -0.2591757
1305031103.5754740 1.1183622 0.6215237 1.4326580 0.6692637 0.6359313 -0.2824692 -0.2605545
1305031103.6112230 1.1242288 0.6209824 1.4415837 0.6683812 0.6352559 -0.2867410 -0.2598002
1305031103.6434450 1.1305887 0.6206899 1.4509753 0.6667941 0.6351383 -0.2912569 -0.2591415
1305031103.6755230 1.1377451 0.6213994 1.4611349 0.6650423 0.6353027 -0.2947410 -0.2593009
1305031103.7116101 1.1457107 0.6228004 1.4710815 0.6637407 0.6351020 -0.2972110 -0.2603060
1305031103.7433259 1.1520480 0.6240320 1.4818648 0.6622822 0.6351827 -0.2986330 -0.2621899
1305031103.7753420 1.1618498 0.6239091 1.4941911 0.6596816 0.6365241 -0.2988289 -0.2652518
1305031103.8112421 1.1727103 0.6230155 1.5048094 0.6582085 0.6381585 -0.2967625 -0.2672964
1305031103.8432510 1.1841524 0.6196210 1.5148596 0.6578140 0.6402653 -0.2934814 -0.2668516
1305031103.8753610 1.1854595 0.6179516 1.5275264 0.6569390 0.6453171 -0.2896291 -0.2609828
1305031103.9112210 1.1892929 0.6163375 1.5447674 0.6555278 0.6476886 -0.2899458 -0.2582910
1305031103.9432111 1.1992596 0.6163990 1.5565215 0.6536000 0.6485517 -0.2924367 -0.2582023
1305031103.9753730 1.2078699 0.6173173 1.5667595 0.6513932 0.6492234 -0.2949878 -0.2591873
1305031104.0112319 1.2148888 0.6211423 1.5779955 0.6491502 0.6491687 -0.2980910 -0.2613920
1305031104.0432489 1.2259317 0.6241299 1.5891714 0.6466344 0.6476434 -0.3006263 -0.2684137
1305031104.0754249 1.2391275 0.6257568 1.5992841 0.6446563 0.6471386 -0.2997466 -0.2752850
1305031104.1112349 1.2469545 0.6270505 1.6077633 0.6446014 0.6451223 -0.2981054 -0.2818501
1305031104.1432300 1.2556426 0.6262356 1.6183051 0.6443108 0.6426622 -0.2972768 -0.2889212
1305031104.1754241 1.2649994 0.6248650 1.6288996 0.6436084 0.6409945 -0.2973443 -0.2940761
1305031104.2112830 1.2751320 0.6225160 1.6394377 0.6428134 0.6390021 -0.2980108 -0.2994274
1305031104.2431960 1.2850852 0.6210410 1.6493217 0.6419262 0.6370088 -0.2990722 -0.3044772
1305031104.2755461 1.2947057 0.6206581 1.6578756 0.6406817 0.6353284 -0.3000638 -0.3095908
1305031104.3112190 1.3044179 0.6207290 1.6656505 0.6399301 0.6334431 -0.3006186 -0.3144324
1305031104.3433421 1.3142778 0.6206025 1.6733507 0.6396064 0.6315636 -0.3000348 -0.3193903
1305031104.3758371 1.3231246 0.6197618 1.6802226 0.6405451 0.6291486 -0.2983020 -0.3238673
1305031104.4115090 1.3317880 0.6180909 1.6863870 0.6415201 0.6268766 -0.2968668 -0.3276397
1305031104.4432881 1.3403356 0.6142398 1.6919944 0.6421189 0.6256657 -0.2963209 -0.3292713
1305031104.4754560 1.3469874 0.6097474 1.6976370 0.6422016 0.6255421 -0.2968465 -0.3288714
1305031104.5113289 1.3514534 0.6070440 1.7037879 0.6421038 0.6252442 -0.2990638 -0.3276174
1305031104.5433681 1.3572579 0.6068273 1.7104913 0.6409474 0.6244949 -0.3024595 -0.3281932
1305031104.5753429 1.3626518 0.6104335 1.7167411 0.6395334 0.6230844 -0.3058994 -0.3304367
1305031104.6113360 1.3652861 0.6152455 1.7235917 0.6374126 0.6186815 -0.3099812 -0.3388953
1305031104.6432431 1.3749693 0.6172361 1.7299578 0.6352563 0.6125666 -0.3128214 -0.3512184
1305031104.6755250 1.3835928 0.6176461 1.7363297 0.6338228 0.6054400 -0.3152774 -0.3637460
1305031104.7112770 1.3939106 0.6160772 1.7420466 0.6319020 0.5968403 -0.3195786 -0.3772943
1305031104.7432799 1.4043442 0.6153661 1.7469897 0.6296618 0.5888017 -0.3233895 -0.3902022
1305031104.7753270 1.4151750 0.6138315 1.7504153 0.6276231 0.5806576 -0.3268311 -0.4026257
1305031104.8114650 1.4262779 0.6130722 1.7515309 0.6266134 0.5725469 -0.3299856 -0.4131044
1305031104.8432579 1.4362484 0.6123157 1.7518535 0.6264302 0.5649071 -0.3320595 -0.4221394
1305031104.8753500 1.4435331 0.6097711 1.7510306 0.6262163 0.5598058 -0.3339548 -0.4277204
1305031104.9115341 1.4495515 0.6065929 1.7496542 0.6263554 0.5572255 -0.3350720 -0.4300063
1305031104.9432621 1.4515351 0.6051140 1.7476093 0.6265236 0.5558285 -0.3352469 -0.4314306
1305031104.9752021 1.4522599 0.6048494 1.7414762 0.6268877 0.5557793 -0.3356705 -0.4306350
1305031105.0112901 1.4482627 0.6071295 1.7332577 0.6289488 0.5568954 -0.3344310 -0.4271380
1305031105.0433731 1.4433167 0.6077988 1.7258571 0.6303766 0.5596684 -0.3314113 -0.4237490
1305031105.0753200 1.4356366 0.6076394 1.7190565 0.6318344 0.5636670 -0.3270333 -0.4196595
1305031105.1112990 1.4234445 0.6060730 1.7147770 0.6336911 0.5671085 -0.3228287 -0.4154577
1305031105.1431060 1.4148238 0.6029352 1.7057151 0.6339527 0.5713867 -0.3198327 -0.4114951
1305031105.1751590 1.4071319 0.5996220 1.6910507 0.6357335 0.5787580 -0.3132601 -0.4034231
1305031105.2112679 1.3933965 0.5975703 1.6796499 0.6385483 0.5847904 -0.3083263 -0.3939685
1305031105.2432699 1.3824191 0.5960338 1.6683822 0.6392605 0.5903011 -0.3066212 -0.3858420
1305031105.2752881 1.3717638 0.5925150 1.6572364 0.6403133 0.5965303 -0.3039870 -0.3764869
1305031105.3112900 1.3567437 0.5923460 1.6489751 0.6422205 0.6026462 -0.3023476 -0.3646319
1305031105.3433020 1.3395627 0.5929940 1.6399077 0.6437699 0.6075845 -0.3014319 -0.3543167
1305031105.3753381 1.3255549 0.5961770 1.6344442 0.6444820 0.6104029 -0.3026847 -0.3470349
1305031105.4112861 1.3195760 0.5949769 1.6251697 0.6441092 0.6142382 -0.3019172 -0.3415857
1305031105.4433160 1.3055739 0.5953750 1.6151656 0.6446408 0.6179013 -0.3006012 -0.3350748
1305031105.4752800 1.2923974 0.5961810 1.6062162 0.6454829 0.6201205 -0.3003355 -0.3295468
1305031105.5113320 1.2816507 0.5982157 1.5965720 0.6458980 0.6226147 -0.2996445 -0.3246226
1305031105.5432820 1.2681705 0.5994688 1.5872171 0.6477170 0.6234764 -0.2980206 -0.3208170
1305031105.5754490 1.2571107 0.5999622 1.5784894 0.6487786 0.6245337 -0.2969933 -0.3175515
1305031105.6113780 1.2439111 0.6010447 1.5707626 0.6497356 0.6255154 -0.2957588 -0.3148029
1305031105.6432731 1.2320356 0.6014062 1.5619277 0.6519420 0.6239983 -0.2963419 -0.3126967
1305031105.7113090 1.2090233 0.6062150 1.5441609 0.6530736 0.6236897 -0.2947500 -0.3124555
1305031105.7433119 1.2009291 0.6117782 1.5330295 0.6539085 0.6218076 -0.2947391 -0.3144645
1305031105.7753389 1.1883531 0.6161699 1.5220856 0.6552580 0.6205818 -0.2921098 -0.3165234
1305031105.8112831 1.1773157 0.6175537 1.5129778 0.6569951 0.6181201 -0.2896970 -0.3199385
1305031105.8432710 1.1665712 0.6204633 1.5044825 0.6585814 0.6159164 -0.2880727 -0.3223842
1305031105.8753369 1.1596739 0.6232090 1.4938831 0.6616178 0.6124288 -0.2859631 -0.3246812
1305031105.9112620 1.1511927 0.6254991 1.4820377 0.6659719 0.6090255 -0.2837532 -0.3241196
1305031105.9432721 1.1439527 0.6276354 1.4694563 0.6691770 0.6065162 -0.2816878 -0.3240250
1305031105.9753289 1.1362296 0.6290305 1.4579347 0.6721037 0.6058508 -0.2784883 -0.3219717
1305031106.0112851 1.1279610 0.6303893 1.4471656 0.6751013 0.6053221 -0.2748280 -0.3198326
1305031106.0433550 1.1198407 0.6307339 1.4369251 0.6777593 0.6051669 -0.2709725 -0.3177881
1305031106.0753300 1.1123235 0.6312524 1.4269629 0.6805500 0.6047124 -0.2686417 -0.3146525
1305031106.1113269 1.1060480 0.6307868 1.4163565 0.6826702 0.6055575 -0.2657100 -0.3109013
1305031106.1433549 1.0980452 0.6280288 1.4063198 0.6853008 0.6065482 -0.2625212 -0.3058509
1305031106.1755340 1.0917896 0.6265282 1.3975965 0.6864211 0.6072606 -0.2613808 -0.3028873
1305031106.2112751 1.0839434 0.6263255 1.3901090 0.6872611 0.6082877 -0.2605472 -0.2996222
1305031106.2432671 1.0786565 0.6259598 1.3844044 0.6890687 0.6067650 -0.2621163 -0.2971793
1305031106.2763851 1.0763077 0.6255136 1.3775040 0.6894214 0.6070399 -0.2628290 -0.2951638
1305031106.3112381 1.0743407 0.6248607 1.3711013 0.6921761 0.6057566 -0.2626290 -0.2915085
1305031106.3432579 1.0736867 0.6247967 1.3658751 0.6937502 0.6075719 -0.2599617 -0.2863336
1305031106.3753879 1.0726657 0.6277776 1.3630777 0.6921787 0.6145342 -0.2526426 -0.2817943
1305031106.4113200 1.0688446 0.6300219 1.3621467 0.6911579 0.6187120 -0.2444743 -0.2823624
1305031106.4432781 1.0659816 0.6293489 1.3657452 0.6900993 0.6212658 -0.2391862 -0.2838691
1305031106.4753449 1.0666010 0.6265087 1.3710172 0.6893774 0.6225043 -0.2382850 -0.2836678
1305031106.5111289 1.0675579 0.6236027 1.3767274 0.6880830 0.6231921 -0.2405463 -0.2833918
1305031106.5433021 1.0741211 0.6238642 1.3852974 0.6851259 0.6247900 -0.2450904 -0.2831442
1305031106.5752821 1.0809743 0.6236961 1.3938331 0.6829616 0.6255739 -0.2480932 -0.2840257
1305031106.6111510 1.0885836 0.6218389 1.4019030 0.6803578 0.6283615 -0.2491469 -0.2831976
1305031106.6432071 1.0947751 0.6203452 1.4115443 0.6780138 0.6305857 -0.2501628 -0.2829796
1305031106.6752789 1.1042350 0.6176948 1.4212918 0.6765337 0.6309939 -0.2534265 -0.2827080
1305031106.7115080 1.1120893 0.6161853 1.4296976 0.6746403 0.6335545 -0.2565633 -0.2786476
1305031106.7433410 1.1227529 0.6147743 1.4404300 0.6719645 0.6352607 -0.2621557 -0.2760107
1305031106.7753899 1.1332255 0.6143585 1.4510502 0.6694872 0.6370555 -0.2667587 -0.2734722
1305031106.8112891 1.1449875 0.6149134 1.4622564 0.6680702 0.6387278 -0.2694500 -0.2703807
1305031106.8434160 1.1508927 0.6165775 1.4731609 0.6659014 0.6412187 -0.2722086 -0.2670513
1305031106.8759050 1.1604988 0.6186914 1.4860862 0.6612254 0.6431316 -0.2765654 -0.2695816
1305031106.9112430 1.1778658 0.6181971 1.4968946 0.6569682 0.6445825 -0.2782188 -0.2747735
1305031106.9434390 1.1870736 0.6181248 1.5071268 0.6537927 0.6463112 -0.2780225 -0.2784607
1305031106.9755471 1.1958114 0.6182628 1.5197145 0.6509282 0.6459722 -0.2797234 -0.2841958
1305031107.0115759 1.2166084 0.6151234 1.5331445 0.6471025 0.6454014 -0.2806061 -0.2932161
1305031107.0432811 1.2243362 0.6134879 1.5444062 0.6466653 0.6460105 -0.2780202 -0.2952952
1305031107.0754321 1.2332148 0.6103645 1.5585426 0.6451255 0.6451155 -0.2794919 -0.2992044
1305031107.1112289 1.2471733 0.6078494 1.5722153 0.6433248 0.6444066 -0.2817546 -0.3024694
1305031107.1432600 1.2609089 0.6090553 1.5799928 0.6424367 0.6435129 -0.2832049 -0.3048953
1305031107.1753991 1.2661347 0.6099441 1.5899474 0.6419310 0.6430581 -0.2834031 -0.3067305
1305031107.2113581 1.2728079 0.6108336 1.6006811 0.6398941 0.6415964 -0.2853921 -0.3121553
1305031107.2433779 1.2836109 0.6117332 1.6148167 0.6390683 0.6394869 -0.2861356 -0.3174500
1305031107.2753980 1.2914460 0.6123791 1.6252354 0.6378496 0.6374242 -0.2870268 -0.3231933
1305031107.3112259 1.2987383 0.6125011 1.6340324 0.6362863 0.6344405 -0.2888137 -0.3304719
1305031107.3435090 1.3057275 0.6145629 1.6449356 0.6331471 0.6304323 -0.2933112 -0.3400712
1305031107.3754129 1.3171744 0.6147639 1.6518006 0.6315845 0.6259041 -0.2955880 -0.3492461
1305031107.4112711 1.3265124 0.6143326 1.6562855 0.6298873 0.6223487 -0.2964919 -0.3577940
1305031107.4434190 1.3352792 0.6135346 1.6585989 0.6286035 0.6192078 -0.2963917 -0.3655014
1305031107.4753771 1.3393497 0.6142482 1.6606709 0.6292079 0.6160188 -0.2955666 -0.3704843
1305031107.5113521 1.3447586 0.6153831 1.6622367 0.6301512 0.6137967 -0.2942843 -0.3735771
1305031107.5436051 1.3481931 0.6161576 1.6632475 0.6321922 0.6127714 -0.2913931 -0.3740780
1305031107.5754540 1.3456886 0.6188731 1.6663034 0.6350345 0.6105646 -0.2905287 -0.3735441
1305031107.6112709 1.3480993 0.6205675 1.6635816 0.6361279 0.6087210 -0.2907324 -0.3745327
1305031107.6433229 1.3488208 0.6218570 1.6603976 0.6381887 0.6082467 -0.2886501 -0.3734062
1305031107.6755681 1.3477843 0.6221420 1.6577825 0.6390086 0.6079844 -0.2879477 -0.3729734
1305031107.7113070 1.3469100 0.6220368 1.6551550 0.6403375 0.6075507 -0.2878304 -0.3714885
1305031107.7435379 1.3471234 0.6190626 1.6508755 0.6414649 0.6082533 -0.2867378 -0.3692318
1305031107.7758019 1.3440036 0.6188949 1.6494537 0.6410882 0.6108732 -0.2860962 -0.3660448
1305031107.8115959 1.3422510 0.6203082 1.6483204 0.6415204 0.6124907 -0.2858839 -0.3627357
1305031107.8433321 1.3412501 0.6225301 1.6468974 0.6417705 0.6140680 -0.2844674 -0.3607345
1305031107.8753581 1.3378634 0.6272394 1.6474847 0.6402881 0.6164447 -0.2822616 -0.3610477
1305031107.9115410 1.3341180 0.6318365 1.6476608 0.6396523 0.6170520 -0.2797939 -0.3630524
1305031107.9431219 1.3319398 0.6362814 1.6480492 0.6397099 0.6156608 -0.2782932 -0.3664504
1305031107.9758070 1.3297518 0.6418862 1.6479366 0.6401925 0.6134704 -0.2766197 -0.3705256
1305031108.0113201 1.3291193 0.6509076 1.6472089 0.6389517 0.6118490 -0.2755117 -0.3761314
1305031108.0434179 1.3295698 0.6639255 1.6470317 0.6415034 0.6073911 -0.2736210 -0.3803696
1305031108.0753520 1.3261967 0.6754965 1.6451675 0.6462971 0.6008607 -0.2704635 -0.3848582
1305031108.1113780 1.3242701 0.6816281 1.6445275 0.6477428 0.5969024 -0.2672495 -0.3907869
1305031108.1433339 1.3240279 0.6894504 1.6451498 0.6491061 0.5940844 -0.2652575 -0.3941618
1305031108.1760581 1.3269454 0.6974694 1.6441118 0.6528692 0.5908471 -0.2622724 -0.3948097
1305031108.2114749 1.3226002 0.7064407 1.6411553 0.6547898 0.5917803 -0.2575435 -0.3933418
1305031108.2433469 1.3156799 0.7295435 1.6405881 0.6539118 0.5937526 -0.2558862 -0.3929115
1305031108.2753580 1.3211886 0.7408073 1.6401418 0.6548903 0.5917164 -0.2535992 -0.3958254
1305031108.3113320 1.3216433 0.7487051 1.6376662 0.6573049 0.5913790 -0.2499031 -0.3946765
1305031108.3432779 1.3216372 0.7576574 1.6355697 0.6606222 0.5917796 -0.2481112 -0.3896357
1305031108.3754101 1.3199945 0.7665321 1.6325552 0.6651220 0.5908911 -0.2480834 -0.3832950
1305031108.4113610 1.3165794 0.7793951 1.6307921 0.6697700 0.5899828 -0.2494844 -0.3756140
1305031108.4436100 1.3164822 0.7923630 1.6296930 0.6752187 0.5872797 -0.2501211 -0.3696237
1305031108.4754710 1.3123498 0.8050007 1.6283307 0.6805279 0.5836959 -0.2508153 -0.3650652
1305031108.5113780 1.3059863 0.8226985 1.6242440 0.6843905 0.5790311 -0.2516536 -0.3646960
1305031108.5437369 1.3043188 0.8405032 1.6223338 0.6831440 0.5765479 -0.2504821 -0.3717061
1305031108.5754139 1.3121764 0.8515387 1.6220709 0.6816726 0.5749284 -0.2493202 -0.3776496
1305031108.6114070 1.3131917 0.8612750 1.6200987 0.6839220 0.5714087 -0.2452806 -0.3815499
1305031108.6433029 1.3155340 0.8704546 1.6186211 0.6860250 0.5679756 -0.2414212 -0.3853432
1305031108.6753750 1.3176871 0.8809523 1.6172117 0.6907580 0.5637106 -0.2369426 -0.3859300
1305031108.7114110 1.3160010 0.8928379 1.6161001 0.6959500 0.5596824 -0.2310509 -0.3860372
1305031108.7435019 1.3140779 0.9040337 1.6159167 0.6984378 0.5575243 -0.2275945 -0.3867195
1305031108.7754929 1.3157995 0.9123065 1.6163703 0.7012817 0.5545846 -0.2251289 -0.3872426
1305031108.8112440 1.3150685 0.9172542 1.6156448 0.7054695 0.5501724 -0.2237624 -0.3867215
1305031108.8432641 1.3106281 0.9184895 1.6135511 0.7087196 0.5457021 -0.2250145 -0.3863861
1305031108.8765149 1.3111429 0.9198089 1.6135125 0.7109862 0.5420125 -0.2300563 -0.3844415
1305031108.9113641 1.3109264 0.9211337 1.6158678 0.7122468 0.5392589 -0.2359458 -0.3824055
1305031108.9432430 1.3125668 0.9210416 1.6199717 0.7102855 0.5389692 -0.2423282 -0.3824705
1305031108.9752679 1.3184170 0.9173140 1.6203365 0.7061766 0.5416379 -0.2488268 -0.3821364
1305031109.0112691 1.3238778 0.9160356 1.6208003 0.7041625 0.5440833 -0.2519376 -0.3803367
1305031109.0432770 1.3253821 0.9122997 1.6208936 0.7016606 0.5463530 -0.2530769 -0.3809501
1305031109.0754099 1.3311028 0.9053628 1.6179802 0.6977715 0.5512543 -0.2536452 -0.3806543
1305031109.1112821 1.3307333 0.8986738 1.6177730 0.6973587 0.5542767 -0.2521079 -0.3780343
1305031109.1433339 1.3249116 0.8835051 1.6201455 0.6958381 0.5575793 -0.2504140 -0.3771041
1305031109.1754639 1.3290512 0.8710097 1.6214354 0.6925614 0.5620791 -0.2533191 -0.3745067
1305031109.2113791 1.3328380 0.8633923 1.6211578 0.6936303 0.5649307 -0.2543761 -0.3674550
1305031109.2432899 1.3305792 0.8578322 1.6192644 0.6999115 0.5640976 -0.2551984 -0.3560780
1305031109.2753079 1.3233896 0.8476612 1.6204073 0.7020680 0.5640567 -0.2586098 -0.3493732
1305031109.3113289 1.3217189 0.8352563 1.6232375 0.6984946 0.5682700 -0.2658113 -0.3442655
1305031109.3432479 1.3270747 0.8170460 1.6201522 0.6959970 0.5722958 -0.2706376 -0.3388525
1305031109.3753970 1.3218717 0.8046210 1.6168004 0.6945755 0.5759168 -0.2747701 -0.3322441
1305031109.4113290 1.3243034 0.7927728 1.6164654 0.6898026 0.5817442 -0.2783799 -0.3290148
1305031109.4433019 1.3256850 0.7822836 1.6173254 0.6863349 0.5884052 -0.2784546 -0.3243251
1305031109.4753630 1.3229424 0.7716829 1.6189710 0.6846626 0.5925701 -0.2773481 -0.3212099
1305031109.5112729 1.3198043 0.7595368 1.6211013 0.6817719 0.5962577 -0.2773077 -0.3205685
1305031109.5432940 1.3204880 0.7452114 1.6245657 0.6794274 0.5978968 -0.2783082 -0.3216246
1305031109.5753620 1.3218859 0.7318995 1.6256845 0.6792642 0.5980692 -0.2784632 -0.3215147
1305031109.6113100 1.3230071 0.7191923 1.6257859 0.6773137 0.6002799 -0.2790897 -0.3209659
1305031109.6432290 1.3245589 0.7070987 1.6256434 0.6766782 0.6012330 -0.2793455 -0.3202992
1305031109.6752629 1.3249235 0.6948712 1.6252069 0.6782599 0.6008646 -0.2794112 -0.3175760
1305031109.7113121 1.3256062 0.6817267 1.6237473 0.6776823 0.6033950 -0.2796787 -0.3137530
1305031109.7432740 1.3246601 0.6689679 1.6217668 0.6779622 0.6056670 -0.2791790 -0.3091826
1305031109.7752769 1.3214544 0.6579374 1.6194714 0.6784397 0.6069468 -0.2789873 -0.3057799
1305031109.8113711 1.3207578 0.6447333 1.6182697 0.6782808 0.6084903 -0.2780299 -0.3039311
1305031109.8432961 1.3189513 0.6326326 1.6176557 0.6782399 0.6108379 -0.2773885 -0.2998724
1305031109.8753059 1.3147492 0.6191624 1.6153538 0.6769411 0.6147389 -0.2766701 -0.2954664
1305031109.9112649 1.3086606 0.6048943 1.6122913 0.6728349 0.6199694 -0.2778803 -0.2927690
1305031109.9432991 1.3109613 0.5908598 1.6089911 0.6701243 0.6235896 -0.2774647 -0.2916894
1305031109.9752581 1.3048343 0.5765143 1.6055135 0.6677824 0.6287201 -0.2743264 -0.2890032
1305031110.0112560 1.3017553 0.5637577 1.6020644 0.6634580 0.6345767 -0.2722677 -0.2881080
1305031110.0432990 1.2986336 0.5516309 1.5989688 0.6595745 0.6399103 -0.2693979 -0.2879255
1305031110.0753191 1.2976704 0.5392149 1.5973040 0.6568959 0.6438860 -0.2667460 -0.2876546
1305031110.1113250 1.2923584 0.5250231 1.5938584 0.6551520 0.6484339 -0.2630700 -0.2847867
1305031110.1434319 1.2867384 0.5110079 1.5945063 0.6524837 0.6522408 -0.2625103 -0.2827285
1305031110.1756411 1.2899816 0.5000195 1.5907971 0.6505486 0.6544956 -0.2639300 -0.2806474
1305031110.2116370 1.2836775 0.4906659 1.5889636 0.6500914 0.6573426 -0.2634961 -0.2754119
1305031110.2433231 1.2800695 0.4796333 1.5886456 0.6492615 0.6585773 -0.2657963 -0.2721908
1305031110.2793210 1.2779208 0.4696194 1.5883010 0.6470998 0.6599416 -0.2686925 -0.2711885
1305031110.3114040 1.2780848 0.4594419 1.5890807 0.6442364 0.6613749 -0.2721831 -0.2710335
1305031110.3433549 1.2789730 0.4479956 1.5871748 0.6415296 0.6632210 -0.2756703 -0.2694136
1305031110.3792810 1.2791475 0.4362898 1.5858057 0.6370739 0.6666627 -0.2790060 -0.2680547
1305031110.4114690 1.2828141 0.4240942 1.5872490 0.6336373 0.6699759 -0.2820225 -0.2647627
1305031110.4432600 1.2827457 0.4120002 1.5830475 0.6300677 0.6753336 -0.2818202 -0.2598398
1305031110.4793310 1.2785266 0.3996200 1.5793456 0.6246698 0.6814558 -0.2829576 -0.2556182
1305031110.5114291 1.2770950 0.3884266 1.5797445 0.6203348 0.6858550 -0.2859675 -0.2510184
1305031110.5434079 1.2802457 0.3773454 1.5795289 0.6164080 0.6900775 -0.2878702 -0.2469107
1305031110.5794261 1.2811434 0.3673673 1.5768863 0.6124598 0.6957901 -0.2870639 -0.2415853
1305031110.6113069 1.2739834 0.3613438 1.5732830 0.6098701 0.6999853 -0.2865251 -0.2366060
1305031110.6434181 1.2709379 0.3519174 1.5757745 0.6073068 0.7021001 -0.2871312 -0.2361981
1305031110.6796060 1.2777147 0.3431671 1.5752933 0.6049942 0.7038560 -0.2876925 -0.2362241
1305031110.7114120 1.2740827 0.3371244 1.5715520 0.6038246 0.7062498 -0.2866068 -0.2333746
1305031110.7432489 1.2719797 0.3318318 1.5713840 0.6026374 0.7075733 -0.2868873 -0.2320861
1305031110.7791929 1.2727386 0.3277445 1.5708223 0.6015014 0.7084710 -0.2875205 -0.2315100
1305031110.8113861 1.2741176 0.3237843 1.5710488 0.6003054 0.7099011 -0.2865124 -0.2314831
1305031110.8432181 1.2736573 0.3214208 1.5695040 0.5986004 0.7118813 -0.2863122 -0.2300606
1305031110.8793130 1.2738215 0.3213790 1.5685589 0.5981710 0.7119704 -0.2878790 -0.2289440
1305031110.9113331 1.2740717 0.3218851 1.5680656 0.5973423 0.7130655 -0.2878348 -0.2277518
1305031110.9438620 1.2741529 0.3256591 1.5666185 0.5958666 0.7139679 -0.2894843 -0.2266974
1305031110.9793451 1.2758795 0.3309707 1.5649066 0.5961079 0.7137201 -0.2887188 -0.2278166
1305031111.0114310 1.2745489 0.3385246 1.5619667 0.5987596 0.7119830 -0.2858770 -0.2298729
1305031111.0433271 1.2765173 0.3465869 1.5624020 0.6014771 0.7091816 -0.2841851 -0.2335069
1305031111.0792830 1.2778249 0.3537247 1.5628873 0.6046359 0.7075380 -0.2819583 -0.2330343
1305031111.1115079 1.2748741 0.3608809 1.5605338 0.6078887 0.7052058 -0.2806706 -0.2331955
1305031111.1432569 1.2737881 0.3712141 1.5606956 0.6088311 0.7035146 -0.2810509 -0.2353771
1305031111.1793261 1.2744770 0.3820122 1.5614591 0.6100816 0.7013793 -0.2803112 -0.2393599
1305031111.2114329 1.2768423 0.3945207 1.5627902 0.6143965 0.6968909 -0.2774604 -0.2446951
1305031111.2432361 1.2752580 0.3997807 1.5626595 0.6149319 0.6960845 -0.2753755 -0.2479788
1305031111.2793081 1.2755473 0.4103670 1.5638536 0.6161501 0.6927684 -0.2770869 -0.2522973
1305031111.3115470 1.2818557 0.4217669 1.5668515 0.6185619 0.6888425 -0.2777979 -0.2563309
1305031111.3433969 1.2819438 0.4298203 1.5670657 0.6190256 0.6903572 -0.2771664 -0.2517800
1305031111.3791339 1.2753312 0.4447820 1.5669620 0.6207312 0.6885033 -0.2803470 -0.2491216
1305031111.4112959 1.2796566 0.4555762 1.5706909 0.6186894 0.6881464 -0.2837916 -0.2512774
1305031111.4433861 1.2788305 0.4700514 1.5671457 0.6142339 0.6918809 -0.2861824 -0.2492330
1305031111.4792590 1.2786688 0.4865777 1.5662856 0.6164231 0.6879834 -0.2845956 -0.2563333
1305031111.5112641 1.2796091 0.5026006 1.5673087 0.6182502 0.6843152 -0.2816937 -0.2648172
1305031111.5432501 1.2767096 0.5169542 1.5697573 0.6207058 0.6805971 -0.2800381 -0.2703528
1305031111.5792370 1.2835660 0.5299840 1.5736387 0.6266547 0.6730100 -0.2780121 -0.2776161
1305031111.6112709 1.2822506 0.5380130 1.5728300 0.6329023 0.6672686 -0.2761785 -0.2791287
1305031111.6433949 1.2774951 0.5471954 1.5728854 0.6366672 0.6618393 -0.2799432 -0.2797418
1305031111.6793201 1.2834777 0.5635138 1.5762100 0.6420932 0.6541602 -0.2798529 -0.2854350
1305031111.7117600 1.2851458 0.5790717 1.5718500 0.6450435 0.6496764 -0.2776436 -0.2911246
1305031111.7433860 1.2858110 0.5987308 1.5684970 0.6497741 0.6414850 -0.2764718 -0.2997566
1305031111.7794230 1.2896372 0.6142430 1.5669806 0.6560654 0.6323220 -0.2692873 -0.3118196
1305031111.8114059 1.2884175 0.6223418 1.5653128 0.6596407 0.6259522 -0.2615316 -0.3235107
1305031111.8432989 1.2918058 0.6324198 1.5667274 0.6629457 0.6196163 -0.2568877 -0.3325468
1305031111.8794420 1.2935628 0.6414171 1.5665889 0.6676482 0.6142357 -0.2531184 -0.3359932
1305031111.9113541 1.2875226 0.6458697 1.5630688 0.6708296 0.6100756 -0.2543184 -0.3363296
1305031111.9433000 1.2921092 0.6526783 1.5642981 0.6746922 0.6044891 -0.2594757 -0.3347472
1305031111.9794490 1.2953392 0.6718294 1.5644205 0.6791184 0.5987813 -0.2628292 -0.3334364
1305031112.0114329 1.2945355 0.6899459 1.5637027 0.6793701 0.5967552 -0.2605888 -0.3382795
1305031112.0432701 1.2985243 0.7094791 1.5658077 0.6785921 0.5948167 -0.2583617 -0.3448986
1305031112.0793390 1.3006676 0.7272021 1.5673473 0.6799668 0.5912187 -0.2530051 -0.3522698
1305031112.1114230 1.3004506 0.7374339 1.5681942 0.6781840 0.5906639 -0.2468551 -0.3608949
1305031112.1443419 1.3052817 0.7514810 1.5709946 0.6761347 0.5923327 -0.2420180 -0.3652548
1305031112.1793900 1.3056105 0.7630916 1.5724830 0.6783392 0.5901056 -0.2303945 -0.3722226
1305031112.2112539 1.2999891 0.7751605 1.5720846 0.6781775 0.5890108 -0.2208610 -0.3799500
1305031112.2433691 1.2972377 0.7869187 1.5737517 0.6760974 0.5863862 -0.2162224 -0.3902454
1305031112.2793529 1.2974841 0.7950971 1.5754903 0.6743508 0.5839629 -0.2132470 -0.3984521
1305031112.3113120 1.2962087 0.8051718 1.5767145 0.6719986 0.5819161 -0.2144741 -0.4047127
1305031112.3433230 1.2995864 0.8172719 1.5801023 0.6707217 0.5791227 -0.2191023 -0.4083423
1305031112.3793600 1.3016585 0.8282647 1.5817002 0.6714690 0.5760266 -0.2242657 -0.4086901
1305031112.4114420 1.3049342 0.8401063 1.5826619 0.6723568 0.5735514 -0.2293107 -0.4079114
1305031112.4433911 1.3047076 0.8536414 1.5828675 0.6748716 0.5695434 -0.2342694 -0.4065544
1305031112.4794180 1.3070631 0.8611675 1.5827358 0.6791478 0.5624926 -0.2403467 -0.4057016
1305031112.5115039 1.3092710 0.8693650 1.5828173 0.6818647 0.5580390 -0.2469938 -0.4032953
1305031112.5432119 1.3100083 0.8783147 1.5851873 0.6827067 0.5562085 -0.2515507 -0.4015792
1305031112.5792520 1.3124150 0.8870647 1.5862213 0.6845586 0.5530854 -0.2569363 -0.3993241
1305031112.6112609 1.3217318 0.9018385 1.5878562 0.6877300 0.5490536 -0.2619418 -0.3961742
1305031112.6432459 1.3235590 0.9131208 1.5884303 0.6947129 0.5423773 -0.2593179 -0.3949113
1305031112.6799519 1.3239859 0.9202812 1.5885670 0.6982664 0.5390398 -0.2561089 -0.3953079
1305031112.7112510 1.3242707 0.9229861 1.5873016 0.7014924 0.5359427 -0.2522474 -0.3962891
1305031112.7432449 1.3302823 0.9227742 1.5842195 0.7059063 0.5325884 -0.2492594 -0.3948615
1305031112.7793100 1.3271115 0.9221691 1.5851837 0.7110515 0.5315619 -0.2424134 -0.3912589
1305031112.8113101 1.3223994 0.9174684 1.5859053 0.7131459 0.5313528 -0.2397528 -0.3893659
1305031112.8432860 1.3199091 0.9122552 1.5840349 0.7110627 0.5364131 -0.2400622 -0.3860323
1305031112.8794210 1.3169338 0.9078612 1.5823881 0.7133099 0.5367856 -0.2395252 -0.3816776
1305031112.9114110 1.3146618 0.9031178 1.5809790 0.7149494 0.5369754 -0.2409193 -0.3774424
1305031112.9433210 1.3125709 0.8984096 1.5797455 0.7132344 0.5409764 -0.2434942 -0.3732986
1305031112.9792781 1.3108761 0.8936980 1.5786504 0.7108969 0.5450243 -0.2464051 -0.3699442
1305031113.0113530 1.3155560 0.8876950 1.5793928 0.7098742 0.5471967 -0.2479630 -0.3676531
1305031113.0432310 1.3170221 0.8825642 1.5797717 0.7095059 0.5504417 -0.2474398 -0.3638528
1305031113.0792511 1.3127996 0.8726344 1.5828801 0.7057503 0.5556141 -0.2471358 -0.3635015
1305031113.1113160 1.3132584 0.8606695 1.5857749 0.7014142 0.5605615 -0.2493233 -0.3628040
1305031113.1433060 1.3171323 0.8479632 1.5853655 0.7008808 0.5626164 -0.2489344 -0.3609163
1305031113.1793430 1.3114281 0.8361582 1.5881351 0.7025264 0.5632898 -0.2481492 -0.3571879
1305031113.2112589 1.3079196 0.8251643 1.5899868 0.7014964 0.5648194 -0.2531238 -0.3532849
1305031113.2432270 1.3126072 0.8070833 1.5941541 0.7014274 0.5668217 -0.2559900 -0.3481119
1305031113.2793119 1.3059173 0.7947445 1.5983846 0.7021605 0.5688710 -0.2578067 -0.3418948
1305031113.3114519 1.2992782 0.7820936 1.6001308 0.6997134 0.5700006 -0.2657419 -0.3389422
1305031113.3432519 1.3047001 0.7645444 1.6002922 0.6947972 0.5720517 -0.2765689 -0.3369322
1305031113.3793120 1.3033669 0.7499841 1.5992953 0.6918924 0.5777191 -0.2800523 -0.3302973
1305031113.4116249 1.2920285 0.7336786 1.5981201 0.6903318 0.5801153 -0.2840542 -0.3259165
1305031113.4432659 1.2956232 0.7138619 1.5976994 0.6846229 0.5849980 -0.2875567 -0.3261593
1305031113.4793110 1.2948959 0.6969219 1.5972207 0.6806224 0.5918461 -0.2880597 -0.3217031
1305031113.5115230 1.2892923 0.6823241 1.5970582 0.6791148 0.5967341 -0.2887931 -0.3151351
1305031113.5432420 1.2831628 0.6672775 1.5960083 0.6761390 0.6016304 -0.2903744 -0.3107405
1305031113.5793011 1.2855134 0.6521240 1.5976170 0.6718357 0.6064031 -0.2919398 -0.3093270
1305031113.6112680 1.2833544 0.6404190 1.5962326 0.6690124 0.6112032 -0.2914901 -0.3064091
1305031113.6432221 1.2822396 0.6275565 1.5952403 0.6670785 0.6147883 -0.2894485 -0.3053869
1305031113.6792879 1.2803294 0.6136495 1.5943508 0.6652511 0.6172943 -0.2874873 -0.3061695
1305031113.7119310 1.2774932 0.5997593 1.5936030 0.6626349 0.6202901 -0.2852327 -0.3078920
1305031113.7435901 1.2763527 0.5872898 1.5925248 0.6600643 0.6224430 -0.2827308 -0.3113569
1305031113.7793200 1.2729483 0.5727654 1.5928185 0.6580170 0.6242258 -0.2798865 -0.3146733
1305031113.8112371 1.2721279 0.5588370 1.5942332 0.6570484 0.6249824 -0.2785874 -0.3163440
1305031113.8432951 1.2725802 0.5446531 1.5907895 0.6554388 0.6263828 -0.2760878 -0.3190925
1305031113.8792810 1.2635631 0.5290893 1.5920700 0.6528461 0.6291379 -0.2740496 -0.3207403
1305031113.9112899 1.2652817 0.5159601 1.5933625 0.6516179 0.6287633 -0.2764105 -0.3219442
1305031113.9432909 1.2638583 0.5043523 1.5921447 0.6494890 0.6291472 -0.2761274 -0.3257168
1305031113.9792931 1.2626340 0.4901304 1.5907784 0.6458029 0.6306273 -0.2753874 -0.3307713
1305031114.0112569 1.2624515 0.4727744 1.5897403 0.6417150 0.6324988 -0.2745104 -0.3358440
1305031114.0433011 1.2595928 0.4539452 1.5885138 0.6389939 0.6344179 -0.2754427 -0.3366483
1305031114.0792849 1.2563022 0.4384347 1.5869475 0.6362396 0.6359876 -0.2798430 -0.3352714
1305031114.1112630 1.2588543 0.4251711 1.5854002 0.6313540 0.6390073 -0.2842920 -0.3350222
1305031114.1432841 1.2568373 0.4132711 1.5825919 0.6274503 0.6427718 -0.2869521 -0.3328799
1305031114.1793370 1.2511556 0.4043142 1.5810622 0.6247632 0.6441689 -0.2898131 -0.3327548
1305031114.2113030 1.2581296 0.3902260 1.5798651 0.6218281 0.6452909 -0.2904669 -0.3354975
1305031114.2433369 1.2533983 0.3730950 1.5753660 0.6191487 0.6489786 -0.2888024 -0.3347757
1305031114.2793901 1.2511900 0.3562254 1.5728760 0.6159875 0.6517170 -0.2918955 -0.3325979
1305031114.3114290 1.2504487 0.3447700 1.5715027 0.6137531 0.6548205 -0.2963453 -0.3266446
1305031114.3433311 1.2464308 0.3387892 1.5689958 0.6103283 0.6588828 -0.2995250 -0.3219589
1305031114.3793199 1.2425178 0.3325496 1.5664489 0.6066358 0.6622787 -0.3004731 -0.3210853
1305031114.4113970 1.2415074 0.3193952 1.5662559 0.6033608 0.6648103 -0.3002527 -0.3222287
1305031114.4433451 1.2413439 0.3056103 1.5665947 0.6008530 0.6673895 -0.3012780 -0.3206219
1305031114.4793320 1.2381112 0.2929693 1.5659259 0.5982119 0.6701246 -0.3047787 -0.3165208
1305031114.5112660 1.2378365 0.2847171 1.5655861 0.5944294 0.6740662 -0.3087152 -0.3114216
1305031114.5432360 1.2343590 0.2843286 1.5627249 0.5940053 0.6760027 -0.3112199 -0.3054834
1305031114.5792370 1.2315770 0.2808240 1.5620116 0.5963736 0.6746008 -0.3125888 -0.3025567
1305031114.6113911 1.2319742 0.2746580 1.5610769 0.5986062 0.6738486 -0.3122731 -0.3001403
1305031114.6441360 1.2301520 0.2667839 1.5594995 0.5999582 0.6752634 -0.3106818 -0.2958824
1305031114.6792510 1.2271852 0.2613827 1.5596052 0.5983284 0.6782753 -0.3124906 -0.2903367
1305031114.7113061 1.2239194 0.2606698 1.5604697 0.5976187 0.6794962 -0.3153387 -0.2858293
1305031114.7432001 1.2214423 0.2602940 1.5611272 0.5942588 0.6822123 -0.3167427 -0.2848103
1305031114.7792890 1.2213232 0.2605933 1.5610258 0.5909701 0.6839668 -0.3180746 -0.2859587
1305031114.8113029 1.2250860 0.2609963 1.5595812 0.5898333 0.6845804 -0.3178065 -0.2871330
1305031114.8432081 1.2273197 0.2620797 1.5584657 0.5876724 0.6860715 -0.3177699 -0.2880441
1305031114.8792810 1.2298119 0.2641943 1.5569605 0.5876045 0.6861359 -0.3176958 -0.2881108
1305031114.9128790 1.2325167 0.2672708 1.5555195 0.5875190 0.6864138 -0.3175102 -0.2878276
1305031114.9432340 1.2339300 0.2752764 1.5522653 0.5870106 0.6879670 -0.3160589 -0.2867520
1305031114.9792800 1.2351407 0.2830059 1.5488908 0.5873861 0.6884345 -0.3139082 -0.2872232
1305031115.0113001 1.2381332 0.2894867 1.5478486 0.5885208 0.6898606 -0.3100141 -0.2857042
1305031115.0435081 1.2319108 0.3017669 1.5446669 0.5906325 0.6902738 -0.3069404 -0.2836599
1305031115.0792379 1.2347633 0.3124090 1.5434383 0.5917233 0.6899836 -0.3043283 -0.2849042
1305031115.1112299 1.2327200 0.3257475 1.5395467 0.5951425 0.6885436 -0.3007187 -0.2850989
1305031115.1432750 1.2297002 0.3393153 1.5371243 0.5995507 0.6853619 -0.2953950 -0.2890672
1305031115.1794400 1.2300890 0.3471006 1.5367500 0.6019658 0.6840753 -0.2920910 -0.2904496
1305031115.2113740 1.2228386 0.3622589 1.5345683 0.6051470 0.6816217 -0.2916027 -0.2900979
1305031115.2432971 1.2189088 0.3796874 1.5338290 0.6075903 0.6769697 -0.2932853 -0.2941594
1305031115.2799661 1.2234508 0.3936178 1.5341046 0.6109094 0.6732432 -0.2936888 -0.2954321
1305031115.3117039 1.2159705 0.4125950 1.5294355 0.6159798 0.6681644 -0.2935942 -0.2965259
1305031115.3432350 1.2205667 0.4311403 1.5293885 0.6189939 0.6625216 -0.2925404 -0.3038616
1305031115.3791659 1.2227046 0.4484559 1.5311938 0.6233783 0.6607004 -0.2888011 -0.3024375
1305031115.4112370 1.2170317 0.4687460 1.5261748 0.6241360 0.6634712 -0.2886852 -0.2948238
1305031115.4431591 1.2180059 0.4752822 1.5210455 0.6299866 0.6594330 -0.2926555 -0.2874330
1305031115.4792409 1.2185599 0.4867623 1.5187779 0.6347531 0.6567469 -0.2906968 -0.2850744
1305031115.5112531 1.2153915 0.5089949 1.5174118 0.6394222 0.6538895 -0.2899364 -0.2819656
1305031115.5436039 1.2144738 0.5317288 1.5177383 0.6473458 0.6458381 -0.2846063 -0.2878122
1305031115.5793149 1.2154656 0.5481029 1.5197298 0.6538073 0.6388742 -0.2790966 -0.2940764
1305031115.6114240 1.2163760 0.5584645 1.5218224 0.6593076 0.6327300 -0.2759179 -0.2980531
1305031115.6432540 1.2185420 0.5679575 1.5233389 0.6658806 0.6245686 -0.2734902 -0.3028534
1305031115.6792409 1.2213928 0.5782660 1.5253177 0.6726022 0.6159868 -0.2750409 -0.3041695
1305031115.7113199 1.2266879 0.5967910 1.5256325 0.6774504 0.6098089 -0.2793148 -0.3019559
1305031115.7432499 1.2260691 0.6219365 1.5229021 0.6829423 0.6033299 -0.2794890 -0.3024379
1305031115.7794249 1.2295453 0.6372855 1.5256449 0.6891649 0.5948688 -0.2766457 -0.3076524
1305031115.8112769 1.2341279 0.6535768 1.5262845 0.6956977 0.5865955 -0.2735843 -0.3115479
1305031115.8432240 1.2355177 0.6686288 1.5262995 0.7034806 0.5784395 -0.2683376 -0.3138754
1305031115.8791981 1.2338249 0.6779054 1.5271044 0.7089358 0.5709394 -0.2663457 -0.3170144
1305031115.9111180 1.2388921 0.6920929 1.5264671 0.7119655 0.5651244 -0.2675903 -0.3195856
1305031115.9433110 1.2421296 0.7070588 1.5255487 0.7172623 0.5586016 -0.2652223 -0.3211793
1305031115.9807401 1.2450564 0.7207909 1.5240227 0.7221617 0.5527829 -0.2629150 -0.3221634
1305031116.0113790 1.2445325 0.7365320 1.5192862 0.7260221 0.5484775 -0.2573664 -0.3253105
1305031116.0431640 1.2464405 0.7517504 1.5157921 0.7305910 0.5433353 -0.2486281 -0.3304657
1305031116.0800300 1.2499806 0.7612570 1.5129046 0.7364762 0.5373775 -0.2404515 -0.3331835
1305031116.1113000 1.2497416 0.7706780 1.5097047 0.7423678 0.5326885 -0.2301654 -0.3348983
1305031116.1434410 1.2475974 0.7792690 1.5078401 0.7478600 0.5271620 -0.2222473 -0.3367666
1305031116.1795721 1.2478545 0.7882574 1.5062176 0.7515087 0.5230952 -0.2177785 -0.3379033
1305031116.2112989 1.2490862 0.7988413 1.5050286 0.7555478 0.5196232 -0.2127536 -0.3374539
1305031116.2433200 1.2475075 0.8120075 1.5033890 0.7593235 0.5153166 -0.2090969 -0.3378686
1305031116.2793851 1.2507571 0.8204025 1.5041990 0.7630460 0.5089472 -0.2038362 -0.3423221
1305031116.3113360 1.2516261 0.8282442 1.5049065 0.7677256 0.5035868 -0.1967402 -0.3439347
1305031116.3432920 1.2489758 0.8323591 1.5017176 0.7705967 0.4980497 -0.1931234 -0.3476070
1305031116.3793840 1.2495945 0.8360393 1.5025285 0.7697071 0.4948408 -0.1940696 -0.3535824
1305031116.4113331 1.2566690 0.8365627 1.5044751 0.7704955 0.4905162 -0.1966008 -0.3564811
1305031116.4433689 1.2613099 0.8348635 1.5029103 0.7762080 0.4826835 -0.1972131 -0.3544359
1305031116.4798501 1.2621928 0.8340597 1.5047396 0.7785047 0.4788564 -0.1980091 -0.3541459
1305031116.5112050 1.2628959 0.8326797 1.5067250 0.7761944 0.4815485 -0.1983948 -0.3553489
1305031116.5432620 1.2630271 0.8249713 1.5073193 0.7726445 0.4846584 -0.1976461 -0.3592531
1305031116.5793130 1.2633867 0.8169494 1.5068351 0.7710032 0.4873950 -0.1981846 -0.3587800
1305031116.6112609 1.2618305 0.8099503 1.5045563 0.7656395 0.4947052 -0.2017260 -0.3582869
1305031116.6433549 1.2616390 0.7992069 1.5040242 0.7588073 0.5039848 -0.2056728 -0.3576443
1305031116.6792810 1.2609948 0.7883696 1.5042114 0.7523379 0.5135597 -0.2083875 -0.3561161
1305031116.7116339 1.2632438 0.7764379 1.5061840 0.7458672 0.5223811 -0.2093676 -0.3563218
1305031116.7432909 1.2638901 0.7621511 1.5055828 0.7387369 0.5328599 -0.2084035 -0.3562248
1305031116.7792981 1.2633243 0.7477664 1.5042298 0.7325387 0.5423027 -0.2071031 -0.3555322
1305031116.8113179 1.2569634 0.7296369 1.5067688 0.7277823 0.5495343 -0.2050364 -0.3553943
1305031116.8460889 1.2564256 0.7116276 1.5081885 0.7207994 0.5583705 -0.2092906 -0.3533668
1305031116.8801651 1.2541935 0.6957199 1.5087303 0.7155833 0.5672330 -0.2132429 -0.3474402
1305031116.9120440 1.2525825 0.6792963 1.5091353 0.7098786 0.5751656 -0.2196624 -0.3420604
1305031116.9432960 1.2534553 0.6624755 1.5033521 0.7018099 0.5851810 -0.2273889 -0.3366309
1305031116.9793510 1.2506012 0.6453759 1.4997345 0.6921082 0.5961538 -0.2327079 -0.3338170
1305031117.0113821 1.2512477 0.6259270 1.4981151 0.6838347 0.6050141 -0.2380612 -0.3311417
1305031117.0432611 1.2537860 0.6161589 1.4981843 0.6776080 0.6131683 -0.2445228 -0.3241613
1305031117.0795200 1.2534707 0.6040056 1.4954875 0.6714170 0.6214786 -0.2483750 -0.3182347
1305031117.1112380 1.2520544 0.5886136 1.4942794 0.6683664 0.6265653 -0.2531065 -0.3108687
1305031117.1432180 1.2525661 0.5790583 1.4913154 0.6658401 0.6309748 -0.2590552 -0.3023544
1305031117.1792641 1.2508611 0.5709112 1.4865363 0.6605736 0.6380144 -0.2620420 -0.2965031
1305031117.2113609 1.2519541 0.5631982 1.4846351 0.6568490 0.6427448 -0.2639778 -0.2928211
1305031117.2432771 1.2540745 0.5609021 1.4853671 0.6567801 0.6451539 -0.2629197 -0.2885992
1305031117.2792990 1.2513077 0.5594166 1.4849768 0.6554287 0.6492194 -0.2580196 -0.2869726
1305031117.3111999 1.2469627 0.5567536 1.4866345 0.6566509 0.6506408 -0.2535371 -0.2849477
1305031117.3432429 1.2425616 0.5548524 1.4891584 0.6569729 0.6516459 -0.2520433 -0.2832284
1305031117.3794539 1.2392103 0.5531067 1.4925985 0.6570159 0.6517330 -0.2519142 -0.2830432
1305031117.4112210 1.2363227 0.5518121 1.4962927 0.6567641 0.6512709 -0.2537571 -0.2830449
1305031117.4432740 1.2346842 0.5508935 1.5005018 0.6563879 0.6504468 -0.2564890 -0.2833502
1305031117.4794030 1.2318676 0.5497069 1.5053623 0.6565648 0.6493414 -0.2584151 -0.2837253
1305031117.5113249 1.2274634 0.5490956 1.5110314 0.6563498 0.6480573 -0.2614973 -0.2843340
1305031117.5442851 1.2240196 0.5490156 1.5161653 0.6551084 0.6468535 -0.2652966 -0.2864110
1305031117.5791550 1.2204101 0.5489383 1.5212640 0.6531028 0.6473481 -0.2679101 -0.2874393
1305031117.6111591 1.2151628 0.5481485 1.5243679 0.6525451 0.6471013 -0.2700367 -0.2872714
1305031117.6432519 1.2087932 0.5469179 1.5285180 0.6520180 0.6467079 -0.2724185 -0.2871056
1305031117.6792619 1.2023399 0.5457186 1.5327145 0.6515867 0.6471033 -0.2740715 -0.2856167
1305031117.7111840 1.1943876 0.5468732 1.5377753 0.6524778 0.6466457 -0.2763016 -0.2824527
1305031117.7431841 1.1857153 0.5484191 1.5426608 0.6537101 0.6453064 -0.2793128 -0.2796910
1305031117.7794671 1.1786826 0.5492910 1.5468043 0.6541454 0.6446184 -0.2820483 -0.2775063
1305031117.8113201 1.1692150 0.5506604 1.5515345 0.6547434 0.6443340 -0.2837166 -0.2750448
1305031117.8432910 1.1604265 0.5532067 1.5568917 0.6544552 0.6433398 -0.2853807 -0.2763336
1305031117.8794510 1.1528563 0.5546067 1.5622002 0.6550547 0.6421514 -0.2844505 -0.2786266
1305031117.9114070 1.1419901 0.5531634 1.5684119 0.6556045 0.6415706 -0.2829143 -0.2802310
1305031117.9432530 1.1345452 0.5514360 1.5742313 0.6556146 0.6409888 -0.2814512 -0.2829982
1305031117.9792280 1.1263945 0.5501518 1.5794045 0.6563816 0.6410941 -0.2789889 -0.2834197
1305031118.0112281 1.1123933 0.5509822 1.5845756 0.6573650 0.6416334 -0.2773169 -0.2815547
1305031118.0435209 1.1016315 0.5522911 1.5905297 0.6576295 0.6412358 -0.2769019 -0.2822508
1305031118.0793340 1.0918786 0.5534048 1.5959005 0.6573156 0.6418156 -0.2753966 -0.2831353
1305031118.1112170 1.0823462 0.5543974 1.6011147 0.6572721 0.6414786 -0.2726682 -0.2866193
1305031118.1432559 1.0737758 0.5547579 1.6063520 0.6572976 0.6406850 -0.2701141 -0.2907249
1305031118.1793230 1.0629958 0.5552150 1.6104300 0.6568448 0.6407126 -0.2682739 -0.2933792
1305031118.2112019 1.0524369 0.5545603 1.6185156 0.6580724 0.6383158 -0.2684951 -0.2956418
1305031118.2431729 1.0423850 0.5543853 1.6267204 0.6575153 0.6379691 -0.2702044 -0.2960720
1305031118.2791941 1.0320410 0.5552411 1.6346203 0.6560698 0.6379492 -0.2716878 -0.2979580
1305031118.3112991 1.0238366 0.5562695 1.6402911 0.6540294 0.6365071 -0.2759782 -0.3015631
1305031118.3433239 1.0208272 0.5578837 1.6441818 0.6517629 0.6356593 -0.2781937 -0.3061873
1305031118.3792081 1.0152225 0.5564176 1.6484356 0.6501655 0.6346811 -0.2792148 -0.3106507
1305031118.4112959 1.0102651 0.5551085 1.6533224 0.6487292 0.6349403 -0.2810657 -0.3114536
1305031118.4456921 1.0078340 0.5556027 1.6563507 0.6499112 0.6336215 -0.2818248 -0.3109888
1305031118.4792850 1.0043965 0.5559830 1.6585515 0.6514521 0.6320126 -0.2830112 -0.3099595
1305031118.5112550 1.0039490 0.5573971 1.6588705 0.6515921 0.6309986 -0.2845891 -0.3102862
1305031118.5444140 1.0077481 0.5576984 1.6565500 0.6510056 0.6319205 -0.2830748 -0.3110255
1305031118.5792849 1.0088535 0.5588364 1.6538138 0.6514977 0.6323730 -0.2814219 -0.3105751
1305031118.6161420 1.0099593 0.5601658 1.6505946 0.6513163 0.6332574 -0.2790110 -0.3113276
1305031118.6453249 1.0171245 0.5598820 1.6483719 0.6505371 0.6346678 -0.2758435 -0.3129037
1305031118.6792951 1.0223617 0.5592190 1.6452445 0.6510627 0.6361302 -0.2723294 -0.3119173
1305031118.7114210 1.0243517 0.5594789 1.6404766 0.6504057 0.6378151 -0.2713075 -0.3107356
1305031118.7467699 1.0307799 0.5566108 1.6372887 0.6489311 0.6385120 -0.2733851 -0.3105663
1305031118.7792771 1.0447866 0.5543489 1.6335185 0.6478523 0.6411539 -0.2729422 -0.3077526
1305031118.8112209 1.0464612 0.5574497 1.6253417 0.6480194 0.6434355 -0.2725881 -0.3029147
1305031118.8467529 1.0556749 0.5617606 1.6180679 0.6473037 0.6416125 -0.2768170 -0.3044728
1305031118.8792081 1.0756871 0.5605570 1.6093550 0.6461662 0.6412287 -0.2759951 -0.3084181
1305031118.9111769 1.0843393 0.5586671 1.6016000 0.6448432 0.6431783 -0.2734066 -0.3094314
1305031118.9469740 1.0966278 0.5580850 1.5949549 0.6438537 0.6435396 -0.2727892 -0.3112800
1305031118.9793739 1.1115870 0.5556506 1.5889838 0.6422681 0.6456067 -0.2700551 -0.3126564
1305031119.0113630 1.1232649 0.5528578 1.5826928 0.6418092 0.6477925 -0.2673195 -0.3114259
1305031119.0471721 1.1322226 0.5503480 1.5766212 0.6419629 0.6487740 -0.2661302 -0.3100817
1305031119.0792229 1.1423953 0.5485799 1.5712993 0.6416346 0.6495001 -0.2675641 -0.3080001
1305031119.1113279 1.1526295 0.5471396 1.5661963 0.6413583 0.6500811 -0.2698687 -0.3053276
1305031119.1476159 1.1646488 0.5443280 1.5612322 0.6409583 0.6505638 -0.2721192 -0.3031341
1305031119.1792259 1.1721636 0.5432332 1.5569168 0.6395107 0.6521844 -0.2745072 -0.3005452
1305031119.2113640 1.1837698 0.5437414 1.5539655 0.6392151 0.6513636 -0.2775149 -0.3001918
1305031119.2473991 1.1939311 0.5436292 1.5500831 0.6390896 0.6512790 -0.2790357 -0.2992311
1305031119.2792120 1.2039120 0.5434451 1.5456374 0.6389183 0.6514478 -0.2798141 -0.2985017
1305031119.3112121 1.2129864 0.5428366 1.5403655 0.6401402 0.6502083 -0.2809385 -0.2975285
1305031119.3477409 1.2210172 0.5413907 1.5345980 0.6407613 0.6489975 -0.2834181 -0.2964815
1305031119.3792391 1.2327607 0.5415488 1.5278079 0.6398013 0.6491828 -0.2857977 -0.2958642
1305031119.4114840 1.2425094 0.5428770 1.5200935 0.6396667 0.6491254 -0.2860641 -0.2960236
1305031119.4477060 1.2501581 0.5432345 1.5135782 0.6408379 0.6481972 -0.2847881 -0.2967539
1305031119.4792669 1.2609020 0.5422311 1.5066616 0.6404790 0.6474215 -0.2844852 -0.2995000
1305031119.5112400 1.2702552 0.5391845 1.5004030 0.6418699 0.6467994 -0.2827714 -0.2994894
1305031119.5473821 1.2802081 0.5364521 1.4934673 0.6431137 0.6460128 -0.2820017 -0.2992445
1305031119.5795591 1.2912027 0.5357460 1.4852178 0.6437568 0.6462536 -0.2798693 -0.2993437
1305031119.6150169 1.2966561 0.5348178 1.4789444 0.6462565 0.6460866 -0.2765926 -0.2973569
1305031119.6479030 1.3054545 0.5337561 1.4701376 0.6474723 0.6462518 -0.2749076 -0.2959121
1305031119.6792080 1.3132980 0.5343692 1.4615741 0.6484346 0.6476300 -0.2702894 -0.2950451
1305031119.7152319 1.3177164 0.5325477 1.4550427 0.6534754 0.6461856 -0.2637979 -0.2929584
1305031119.7471931 1.3225186 0.5288721 1.4494650 0.6584881 0.6433832 -0.2614681 -0.2899757
1305031119.7791691 1.3283528 0.5266183 1.4442258 0.6605453 0.6432565 -0.2604976 -0.2864297
1305031119.8145370 1.3346914 0.5279063 1.4367327 0.6633803 0.6414065 -0.2617880 -0.2828273
1305031119.8474290 1.3424145 0.5299861 1.4293142 0.6664197 0.6392676 -0.2618563 -0.2804514
1305031119.8792140 1.3465306 0.5296332 1.4224773 0.6667130 0.6388529 -0.2608288 -0.2816542
1305031119.9114010 1.3561352 0.5280843 1.4181879 0.6681490 0.6373913 -0.2597192 -0.2825866
1305031119.9473920 1.3624170 0.5256919 1.4115022 0.6694841 0.6378999 -0.2554319 -0.2821866
1305031119.9795370 1.3675367 0.5249487 1.4061171 0.6703322 0.6377308 -0.2520241 -0.2836161
1305031120.0152640 1.3740724 0.5250602 1.4027612 0.6738698 0.6366988 -0.2477881 -0.2812742
1305031120.0472901 1.3737569 0.5223627 1.3990020 0.6764888 0.6375846 -0.2428296 -0.2772770
1305031120.0794179 1.3742527 0.5197788 1.3958473 0.6774375 0.6369026 -0.2440294 -0.2754689
1305031120.1152320 1.3776505 0.5185631 1.3950443 0.6781852 0.6367235 -0.2450756 -0.2731042
1305031120.1481569 1.3748327 0.5199844 1.3933946 0.6791494 0.6363073 -0.2455640 -0.2712332
1305031120.1792459 1.3719369 0.5212966 1.3920103 0.6801908 0.6339122 -0.2479680 -0.2720434
1305031120.2152491 1.3681398 0.5208635 1.3952525 0.6784806 0.6331765 -0.2505374 -0.2756494
1305031120.2480030 1.3667888 0.5209151 1.4014147 0.6763219 0.6337734 -0.2515703 -0.2786259
1305031120.2794299 1.3626049 0.5209844 1.4047169 0.6743539 0.6338142 -0.2526185 -0.2823301
1305031120.3151960 1.3550739 0.5216841 1.4100684 0.6727260 0.6344980 -0.2530449 -0.2842893
1305031120.3477869 1.3478755 0.5219068 1.4165234 0.6708301 0.6349240 -0.2537778 -0.2871502
1305031120.3794370 1.3381097 0.5226939 1.4206723 0.6698922 0.6349550 -0.2548837 -0.2882895
1305031120.4154451 1.3248312 0.5253058 1.4302719 0.6679151 0.6344706 -0.2585781 -0.2906439
1305031120.4474170 1.3193766 0.5259737 1.4356052 0.6657807 0.6327469 -0.2635679 -0.2947871
1305031120.4794321 1.3051457 0.5282096 1.4425106 0.6652915 0.6324997 -0.2655357 -0.2946560
1305031120.5148189 1.2931998 0.5274675 1.4527213 0.6646872 0.6304789 -0.2699511 -0.2963339
1305031120.5477359 1.2855168 0.5267341 1.4577490 0.6628484 0.6284072 -0.2764974 -0.2988069
1305031120.5795510 1.2780353 0.5261453 1.4630947 0.6632389 0.6261258 -0.2819672 -0.2976158
1305031120.6152360 1.2677051 0.5280922 1.4660909 0.6615743 0.6254119 -0.2881584 -0.2968907
1305031120.6473539 1.2595336 0.5310826 1.4705958 0.6591534 0.6249483 -0.2937414 -0.2977791
1305031120.6793180 1.2508762 0.5337270 1.4742310 0.6582759 0.6243608 -0.2969342 -0.2977860
1305031120.7145219 1.2434238 0.5352325 1.4782644 0.6578364 0.6231923 -0.2995681 -0.2985658
1305031120.7473691 1.2333379 0.5349491 1.4838367 0.6572426 0.6233806 -0.3012774 -0.2977597
1305031120.7798941 1.2232603 0.5373343 1.4894895 0.6559455 0.6235837 -0.3040127 -0.2974142
1305031120.8149440 1.2177303 0.5388153 1.4945097 0.6541674 0.6235913 -0.3059119 -0.2993605
1305031120.8479209 1.2090851 0.5402537 1.4972643 0.6529005 0.6248454 -0.3064288 -0.2989826
1305031120.8834350 1.2006401 0.5423510 1.5025890 0.6508694 0.6254345 -0.3072685 -0.3013086
1305031120.9154439 1.1938624 0.5436765 1.5083456 0.6502056 0.6255505 -0.3069910 -0.3027801
1305031120.9474881 1.1864356 0.5423638 1.5141899 0.6490406 0.6267272 -0.3056613 -0.3041884
1305031120.9833660 1.1788022 0.5410275 1.5198960 0.6474211 0.6281010 -0.3046711 -0.3057950
1305031121.0150189 1.1703976 0.5420891 1.5266765 0.6462264 0.6285818 -0.3058225 -0.3061844
1305031121.0474980 1.1641649 0.5425279 1.5323405 0.6457046 0.6288477 -0.3059041 -0.3066576
1305031121.0830989 1.1536453 0.5422949 1.5406836 0.6449612 0.6296259 -0.3064647 -0.3060648
1305031121.1146960 1.1464907 0.5422485 1.5483956 0.6440552 0.6294131 -0.3083012 -0.3065657
1305031121.1473310 1.1399699 0.5420745 1.5543102 0.6427581 0.6295019 -0.3096650 -0.3077288
1305031121.1832709 1.1331804 0.5419585 1.5597231 0.6411248 0.6297290 -0.3117063 -0.3086091
1305031121.2114201 1.1245477 0.5439100 1.5667053 0.6401527 0.6294734 -0.3127070 -0.3101325
1305031121.2471941 1.1180443 0.5430596 1.5737180 0.6401996 0.6286628 -0.3125450 -0.3118384
1305031121.2828760 1.1103289 0.5422576 1.5798871 0.6403479 0.6284420 -0.3135316 -0.3109873
1305031121.3135681 1.0985248 0.5447053 1.5861885 0.6400991 0.6275275 -0.3155923 -0.3112618
1305031121.3475170 1.0910561 0.5448226 1.5936680 0.6404994 0.6264831 -0.3176021 -0.3104969
1305031121.3832259 1.0810150 0.5463667 1.6001121 0.6398982 0.6263383 -0.3195106 -0.3100703
1305031121.4143181 1.0725588 0.5472266 1.6067502 0.6380743 0.6256548 -0.3211125 -0.3135346
1305031121.4473190 1.0677030 0.5476608 1.6126433 0.6379546 0.6249129 -0.3218392 -0.3145112
1305031121.4829640 1.0555826 0.5509232 1.6194980 0.6390954 0.6233309 -0.3219647 -0.3152052
1305031121.5141070 1.0519199 0.5483417 1.6279284 0.6393946 0.6211821 -0.3222565 -0.3185249
1305031121.5472701 1.0461228 0.5474251 1.6344757 0.6402579 0.6214900 -0.3207721 -0.3176874
1305031121.5832040 1.0354809 0.5476016 1.6393083 0.6408354 0.6220064 -0.3186336 -0.3176644
1305031121.6147001 1.0284280 0.5494930 1.6450743 0.6401826 0.6221496 -0.3178359 -0.3194939
1305031121.6471829 1.0225639 0.5508516 1.6507256 0.6397453 0.6225178 -0.3146643 -0.3227752
1305031121.6831999 1.0163073 0.5499964 1.6565204 0.6411965 0.6226218 -0.3103524 -0.3238681
1305031121.7145200 1.0103512 0.5483717 1.6633252 0.6426852 0.6219209 -0.3090175 -0.3235405
1305031121.7471449 1.0039477 0.5466929 1.6686326 0.6439196 0.6222327 -0.3069991 -0.3224061
1305031121.7828350 0.9966002 0.5469447 1.6732686 0.6460375 0.6215158 -0.3058839 -0.3206067
1305031121.8115399 0.9907100 0.5501396 1.6761840 0.6482080 0.6203810 -0.3053499 -0.3189283
1305031121.8473351 0.9875309 0.5513806 1.6789115 0.6510453 0.6186730 -0.3042587 -0.3175065
1305031121.8820601 0.9844006 0.5526778 1.6817075 0.6557771 0.6154733 -0.3046879 -0.3135511
1305031121.9149311 0.9822089 0.5514248 1.6815615 0.6578487 0.6144792 -0.3053310 -0.3105211
1305031121.9472880 0.9807966 0.5510929 1.6807935 0.6567293 0.6156696 -0.3062257 -0.3096506
1305031121.9829259 0.9826091 0.5509607 1.6789371 0.6565181 0.6160619 -0.3055071 -0.3100277
1305031122.0142560 0.9847318 0.5507250 1.6769858 0.6559126 0.6171032 -0.3045676 -0.3101626
1305031122.0473061 0.9902221 0.5501429 1.6747476 0.6529313 0.6196792 -0.3048100 -0.3110776
1305031122.0829589 0.9956000 0.5499624 1.6716974 0.6504446 0.6220691 -0.3041165 -0.3121939
1305031122.1146719 1.0048131 0.5495832 1.6670183 0.6477070 0.6240960 -0.3038487 -0.3140952
1305031122.1507249 1.0125345 0.5496504 1.6607453 0.6442665 0.6277213 -0.3023122 -0.3154266
1305031122.1830420 1.0206430 0.5499865 1.6546375 0.6410706 0.6301757 -0.3010901 -0.3182011
1305031122.2149589 1.0353585 0.5465308 1.6517466 0.6385921 0.6346337 -0.2950508 -0.3199770
1305031122.2513189 1.0436277 0.5441402 1.6443338 0.6387815 0.6375363 -0.2903370 -0.3181354
1305031122.2835600 1.0547078 0.5429639 1.6382284 0.6380554 0.6388309 -0.2900016 -0.3173003
1305031122.3142891 1.0696632 0.5380838 1.6335012 0.6359579 0.6445790 -0.2847201 -0.3146584
1305031122.3513269 1.0787451 0.5366613 1.6257401 0.6353314 0.6485976 -0.2818525 -0.3102166
1305031122.3826301 1.0889852 0.5348744 1.6188913 0.6358947 0.6509519 -0.2799407 -0.3058312
1305031122.4149971 1.0963046 0.5319313 1.6137142 0.6361026 0.6530497 -0.2800142 -0.3008183
1305031122.4512570 1.1070543 0.5301511 1.6108133 0.6359395 0.6548592 -0.2813381 -0.2959546
1305031122.4833601 1.1161623 0.5283463 1.6073044 0.6355392 0.6572306 -0.2818941 -0.2909873
1305031122.5150969 1.1254966 0.5279518 1.6025891 0.6339693 0.6598618 -0.2827646 -0.2875925
1305031122.5514901 1.1367849 0.5285861 1.5975094 0.6330681 0.6615334 -0.2819636 -0.2865220
1305031122.5832081 1.1462198 0.5277178 1.5922838 0.6331144 0.6623591 -0.2797340 -0.2866974
1305031122.6149800 1.1533531 0.5260594 1.5876094 0.6341091 0.6619891 -0.2796166 -0.2854657
1305031122.6487880 1.1632803 0.5251285 1.5838921 0.6338948 0.6618005 -0.2816099 -0.2844174
1305031122.6834021 1.1727765 0.5238794 1.5801259 0.6342230 0.6613761 -0.2828308 -0.2834600
1305031122.7152081 1.1818943 0.5220575 1.5742801 0.6353432 0.6603176 -0.2852759 -0.2809580
1305031122.7512980 1.1944416 0.5217086 1.5655370 0.6341762 0.6606444 -0.2877457 -0.2803069
1305031122.7834229 1.2061780 0.5206011 1.5570907 0.6343488 0.6617574 -0.2861483 -0.2789228
1305031122.8125551 1.2117982 0.5205776 1.5509060 0.6354549 0.6636593 -0.2816598 -0.2764438
1305031122.8514180 1.2192511 0.5218310 1.5449425 0.6360590 0.6641602 -0.2773056 -0.2782478
1305031122.8837540 1.2273625 0.5216239 1.5403267 0.6398665 0.6625092 -0.2716083 -0.2790722
1305031122.9145710 1.2317718 0.5196946 1.5366235 0.6427610 0.6618907 -0.2677535 -0.2776096
1305031122.9513409 1.2380184 0.5162787 1.5333047 0.6439931 0.6614961 -0.2658345 -0.2775387
1305031122.9828150 1.2458408 0.5140433 1.5288404 0.6472650 0.6593177 -0.2656547 -0.2752739
1305031123.0154500 1.2510129 0.5144400 1.5240460 0.6488984 0.6588568 -0.2658955 -0.2722832
1305031123.0518270 1.2570832 0.5144678 1.5198109 0.6497045 0.6577598 -0.2664138 -0.2725067
1305031123.0829749 1.2671934 0.5133550 1.5138498 0.6512387 0.6556252 -0.2671607 -0.2732563
1305031123.1138730 1.2765307 0.5128179 1.5065537 0.6537069 0.6542326 -0.2658654 -0.2719605
1305031123.1508219 1.2830729 0.5120695 1.5002239 0.6545531 0.6546900 -0.2638104 -0.2708235
1305031123.1821549 1.2915242 0.5132937 1.4930272 0.6560850 0.6541345 -0.2619581 -0.2702564
1305031123.2147040 1.2985314 0.5143070 1.4859061 0.6583894 0.6539879 -0.2564524 -0.2702877
1305031123.2506180 1.3053559 0.5130039 1.4765430 0.6599790 0.6551624 -0.2497693 -0.2698245
1305031123.2823470 1.3098311 0.5123587 1.4680110 0.6648219 0.6543939 -0.2431958 -0.2657748
1305031123.3113270 1.3160478 0.5145204 1.4599711 0.6677072 0.6538803 -0.2382923 -0.2642433
1305031123.3504810 1.3199689 0.5158536 1.4551721 0.6705303 0.6539259 -0.2322601 -0.2623456
1305031123.3822551 1.3262721 0.5172423 1.4486988 0.6748446 0.6515471 -0.2277544 -0.2611497
1305031123.4113629 1.3322658 0.5168900 1.4405179 0.6785415 0.6484744 -0.2244208 -0.2621025
1305031123.4512551 1.3377481 0.5177041 1.4372188 0.6807930 0.6476922 -0.2214060 -0.2607587
1305031123.4835939 1.3437138 0.5185070 1.4313022 0.6848530 0.6453310 -0.2192023 -0.2578267
1305031123.5113599 1.3503727 0.5180646 1.4250989 0.6880005 0.6429711 -0.2176086 -0.2566903
1305031123.5515130 1.3562186 0.5193023 1.4194138 0.6895201 0.6419601 -0.2179833 -0.2548188
1305031123.5795829 1.3610700 0.5200682 1.4129216 0.6918542 0.6402114 -0.2176225 -0.2531946
1305031123.6113350 1.3674531 0.5206980 1.4077811 0.6932615 0.6391575 -0.2165387 -0.2529370
1305031123.6524110 1.3732426 0.5208480 1.4031352 0.6950549 0.6390330 -0.2125003 -0.2517522
1305031123.6837530 1.3784169 0.5211354 1.3980631 0.6979965 0.6374820 -0.2082226 -0.2511193
1305031123.7113230 1.3832082 0.5227973 1.3938143 0.7004574 0.6366520 -0.2039879 -0.2498451
1305031123.7517231 1.3848813 0.5241964 1.3884474 0.7025181 0.6355752 -0.2022457 -0.2482119
1305031123.7838581 1.3871485 0.5254621 1.3849603 0.7034940 0.6349232 -0.2031024 -0.2464104
1305031123.8116081 1.3896248 0.5252628 1.3840476 0.7042274 0.6344633 -0.2029345 -0.2456373
1305031123.8514440 1.3903908 0.5248024 1.3830599 0.7057773 0.6330862 -0.2031207 -0.2445859
1305031123.8837860 1.3910832 0.5243579 1.3819302 0.7055006 0.6324050 -0.2056872 -0.2450011
1305031123.9112430 1.3892929 0.5243378 1.3832659 0.7037752 0.6329856 -0.2079070 -0.2465855
1305031123.9514420 1.3880459 0.5249292 1.3873534 0.7048159 0.6327128 -0.2077856 -0.2444058
1305031123.9834149 1.3841360 0.5247368 1.3873407 0.7061114 0.6313468 -0.2102495 -0.2420807
1305031124.0113020 1.3815443 0.5248783 1.3868993 0.7016558 0.6321834 -0.2180274 -0.2459419
1305031124.0515051 1.3735382 0.5254167 1.3917229 0.7007283 0.6325471 -0.2210651 -0.2449372
1305031124.0838370 1.3656063 0.5252294 1.3937759 0.7002877 0.6324438 -0.2238785 -0.2439064
1305031124.1113310 1.3600908 0.5249470 1.3936937 0.6959412 0.6325153 -0.2310719 -0.2493912
1305031124.1474459 1.3558120 0.5256249 1.4028101 0.6937690 0.6335359 -0.2330902 -0.2509697
1305031124.1826940 1.3483456 0.5247641 1.4051430 0.6922419 0.6339402 -0.2348503 -0.2525200
1305031124.2113960 1.3411777 0.5248335 1.4070910 0.6884579 0.6337684 -0.2401066 -0.2582869
1305031124.2493269 1.3337288 0.5273558 1.4170972 0.6863710 0.6348051 -0.2428979 -0.2586851
1305031124.2825451 1.3260241 0.5274816 1.4225651 0.6851518 0.6360885 -0.2458184 -0.2559917
1305031124.3113611 1.3168202 0.5273931 1.4268726 0.6824482 0.6363712 -0.2513507 -0.2571361
1305031124.3503540 1.3099164 0.5284342 1.4335573 0.6793206 0.6372427 -0.2562721 -0.2583986
1305031124.3824201 1.3021719 0.5290406 1.4394814 0.6766457 0.6379670 -0.2597684 -0.2601327
1305031124.4114389 1.2949284 0.5291314 1.4457363 0.6740734 0.6375473 -0.2639717 -0.2635857
1305031124.4502449 1.2856163 0.5304274 1.4549811 0.6705729 0.6379962 -0.2680238 -0.2673129
1305031124.4800990 1.2767007 0.5309360 1.4638162 0.6670002 0.6385213 -0.2718400 -0.2711168
1305031124.5113239 1.2730378 0.5290487 1.4693096 0.6626040 0.6383668 -0.2768321 -0.2771424
1305031124.5504370 1.2660567 0.5275000 1.4744102 0.6590675 0.6390160 -0.2800057 -0.2808653
1305031124.5794041 1.2575144 0.5267866 1.4814567 0.6556210 0.6401398 -0.2831860 -0.2831746
1305031124.6113579 1.2464305 0.5278254 1.4898109 0.6522249 0.6411401 -0.2870532 -0.2848552
1305031124.6512711 1.2378054 0.5283899 1.4972056 0.6490037 0.6422136 -0.2903583 -0.2864401
1305031124.6793621 1.2270735 0.5298007 1.5046357 0.6459698 0.6429820 -0.2934818 -0.2883845
1305031124.7112510 1.2179482 0.5310360 1.5121878 0.6433105 0.6431991 -0.2957998 -0.2914603
1305031124.7498901 1.2070890 0.5319586 1.5196487 0.6417766 0.6435867 -0.2967935 -0.2929720
1305031124.7793651 1.1966098 0.5331732 1.5275734 0.6399942 0.6436259 -0.2995573 -0.2939704
1305031124.8113599 1.1861824 0.5334799 1.5336424 0.6384211 0.6436586 -0.3014945 -0.2953357
1305031124.8505349 1.1732463 0.5341979 1.5399033 0.6380202 0.6441711 -0.3022312 -0.2943299
1305031124.8793550 1.1608278 0.5365164 1.5466152 0.6366150 0.6444098 -0.3034271 -0.2956170
1305031124.9114480 1.1502434 0.5378603 1.5509479 0.6366260 0.6432867 -0.3031449 -0.2983165
1305031124.9507301 1.1388201 0.5402096 1.5554733 0.6380560 0.6434332 -0.3013005 -0.2968101
1305031124.9794381 1.1221473 0.5420162 1.5642807 0.6398636 0.6416349 -0.3020203 -0.2960793
1305031125.0114541 1.1129975 0.5400502 1.5736638 0.6385778 0.6404002 -0.3060954 -0.2973408
1305031125.0507629 1.1070118 0.5408628 1.5755720 0.6366488 0.6403253 -0.3092218 -0.2984019
1305031125.0793641 1.0965808 0.5420305 1.5800664 0.6388895 0.6382955 -0.3095763 -0.2975930
1305031125.1113639 1.0848753 0.5429710 1.5864012 0.6399212 0.6370748 -0.3112925 -0.2961984
1305031125.1510129 1.0756691 0.5431542 1.5925516 0.6368129 0.6380822 -0.3125853 -0.2993507
1305031125.1793530 1.0719576 0.5425497 1.5978555 0.6384043 0.6369671 -0.3106054 -0.3003950
1305031125.2113199 1.0622289 0.5407086 1.6004257 0.6397769 0.6366427 -0.3083963 -0.3004385
1305031125.2506320 1.0496894 0.5387810 1.6092218 0.6382538 0.6379747 -0.3073860 -0.3018846
1305031125.2794671 1.0463046 0.5368886 1.6145488 0.6361931 0.6381870 -0.3081466 -0.3049941
1305031125.3114929 1.0373786 0.5374136 1.6181033 0.6372212 0.6368452 -0.3078060 -0.3059947
1305031125.3488801 1.0329493 0.5364536 1.6240095 0.6347284 0.6372696 -0.3080649 -0.3100053
1305031125.3794010 1.0283357 0.5378828 1.6286825 0.6328178 0.6395146 -0.3049032 -0.3124046
1305031125.4113350 1.0225719 0.5388588 1.6320716 0.6339390 0.6386985 -0.3004241 -0.3161186
1305031125.4511950 1.0162039 0.5383298 1.6351429 0.6355345 0.6387200 -0.2946785 -0.3182723
1305031125.4794240 1.0094562 0.5383028 1.6377880 0.6354760 0.6382796 -0.2918748 -0.3218362
1305031125.5113161 1.0078911 0.5383069 1.6430290 0.6364117 0.6374616 -0.2891884 -0.3240260
1305031125.5510199 1.0059175 0.5377411 1.6464752 0.6369470 0.6377638 -0.2855311 -0.3256191
1305031125.5793080 1.0030496 0.5371820 1.6488681 0.6371648 0.6387663 -0.2807305 -0.3273973
1305031125.6115329 0.9998202 0.5371044 1.6500890 0.6379485 0.6373249 -0.2794241 -0.3297890
1305031125.6505749 0.9984270 0.5363414 1.6518288 0.6390169 0.6337789 -0.2833626 -0.3311907
1305031125.6793280 1.0050448 0.5323706 1.6524080 0.6370008 0.6333992 -0.2881508 -0.3316694
1305031125.7114429 1.0084936 0.5331296 1.6514780 0.6356898 0.6337060 -0.2934707 -0.3289227
1305031125.7512600 1.0200897 0.5347543 1.6504054 0.6339981 0.6325485 -0.2984655 -0.3299199
1305031125.7793479 1.0277884 0.5360677 1.6482651 0.6318723 0.6350000 -0.2980445 -0.3296693
1305031125.8115730 1.0357308 0.5369427 1.6456998 0.6313479 0.6357074 -0.2971429 -0.3301242
1305031125.8474121 1.0423852 0.5353028 1.6404591 0.6311238 0.6370756 -0.2939516 -0.3307716
1305031125.8793180 1.0506090 0.5345306 1.6359901 0.6306965 0.6375482 -0.2943388 -0.3303316
1305031125.9113050 1.0610375 0.5311364 1.6329927 0.6318320 0.6390505 -0.2935560 -0.3259258
1305031125.9473431 1.0666118 0.5292119 1.6281580 0.6326803 0.6404160 -0.2965727 -0.3187910
1305031125.9793241 1.0766756 0.5294888 1.6234767 0.6328015 0.6408894 -0.3019504 -0.3124885
1305031126.0113330 1.0871068 0.5312693 1.6175376 0.6317067 0.6434822 -0.3041942 -0.3071534
1305031126.0473239 1.0980916 0.5356777 1.6071630 0.6315152 0.6448014 -0.3044193 -0.3045465
1305031126.0793560 1.1063631 0.5372899 1.5973225 0.6335758 0.6451988 -0.3015139 -0.3023072
1305031126.1113701 1.1126018 0.5377403 1.5894424 0.6347671 0.6465192 -0.2983529 -0.3001152
1305031126.1474321 1.1253117 0.5363169 1.5823783 0.6367145 0.6460026 -0.2961085 -0.2993241
1305031126.1793840 1.1350649 0.5346058 1.5746680 0.6392933 0.6473548 -0.2918423 -0.2950660
1305031126.2113190 1.1406109 0.5361964 1.5669321 0.6407158 0.6491134 -0.2890332 -0.2908518
1305031126.2472980 1.1500206 0.5384008 1.5573988 0.6421230 0.6493939 -0.2870286 -0.2891023
1305031126.2793629 1.1581541 0.5390223 1.5492657 0.6434421 0.6506486 -0.2829136 -0.2873997
1305031126.3113320 1.1675425 0.5390273 1.5418868 0.6449516 0.6519636 -0.2770660 -0.2867322
1305031126.3473630 1.1757739 0.5384857 1.5342795 0.6465506 0.6528934 -0.2710669 -0.2867494
1305031126.3794229 1.1847913 0.5370150 1.5276750 0.6476749 0.6538577 -0.2661364 -0.2866334
1305031126.4114649 1.1929361 0.5363885 1.5209580 0.6489135 0.6552764 -0.2614068 -0.2849397
1305031126.4473610 1.1977230 0.5350983 1.5176185 0.6518539 0.6556908 -0.2567531 -0.2814852
1305031126.4795330 1.2049331 0.5338645 1.5134303 0.6542537 0.6549054 -0.2557444 -0.2786499
1305031126.5114100 1.2172355 0.5328850 1.5025305 0.6552211 0.6545387 -0.2564982 -0.2765376
1305031126.5473740 1.2241104 0.5358710 1.4964293 0.6568770 0.6561460 -0.2535399 -0.2714822
1305031126.5794539 1.2313945 0.5369174 1.4905332 0.6597445 0.6555245 -0.2502450 -0.2690766
1305031126.6115279 1.2381053 0.5370128 1.4852211 0.6627015 0.6550381 -0.2463347 -0.2665917
1305031126.6473761 1.2402853 0.5380033 1.4817620 0.6660792 0.6541289 -0.2427971 -0.2636350
1305031126.6794789 1.2450535 0.5391552 1.4791558 0.6697869 0.6515215 -0.2416258 -0.2617675
1305031126.7115829 1.2505889 0.5401303 1.4756480 0.6730523 0.6494626 -0.2400871 -0.2599175
1305031126.7473159 1.2542833 0.5404573 1.4721323 0.6752179 0.6473190 -0.2396243 -0.2600752
1305031126.7793789 1.2603310 0.5413361 1.4697032 0.6772818 0.6448798 -0.2403442 -0.2601039
1305031126.8116021 1.2657414 0.5429097 1.4669331 0.6779311 0.6438262 -0.2398337 -0.2614900
1305031126.8473430 1.2700758 0.5434474 1.4649215 0.6792376 0.6422999 -0.2376624 -0.2638253
1305031126.8793571 1.2735433 0.5439895 1.4629042 0.6797592 0.6416500 -0.2367268 -0.2649020
1305031126.9113641 1.2756651 0.5446103 1.4622055 0.6802836 0.6410886 -0.2351494 -0.2663164
1305031126.9474370 1.2773285 0.5441707 1.4626051 0.6816472 0.6401596 -0.2341620 -0.2659342
1305031126.9793370 1.2766462 0.5446104 1.4630363 0.6821946 0.6399223 -0.2348877 -0.2644573
1305031127.0113709 1.2759774 0.5450451 1.4634302 0.6816857 0.6398745 -0.2362940 -0.2646324
1305031127.0472970 1.2767172 0.5454483 1.4641293 0.6820050 0.6392184 -0.2373195 -0.2644778
1305031127.0792990 1.2760195 0.5452547 1.4644817 0.6820549 0.6393016 -0.2376181 -0.2638792
1305031127.1114349 1.2741563 0.5439030 1.4648662 0.6820203 0.6392071 -0.2392117 -0.2627551
1305031127.1473069 1.2713678 0.5427162 1.4654018 0.6814489 0.6393030 -0.2420317 -0.2614188
1305031127.1793489 1.2704135 0.5423049 1.4667840 0.6798247 0.6401965 -0.2445682 -0.2610999
1305031127.2117000 1.2695746 0.5433999 1.4665447 0.6788513 0.6403421 -0.2468361 -0.2611415
1305031127.2473741 1.2666140 0.5451124 1.4662721 0.6770750 0.6409066 -0.2485842 -0.2627053
1305031127.2794650 1.2657540 0.5450518 1.4674251 0.6756038 0.6413501 -0.2497879 -0.2642641
1305031127.3113620 1.2640301 0.5440565 1.4680865 0.6749524 0.6417046 -0.2504002 -0.2644886
1305031127.3473561 1.2581539 0.5431664 1.4694302 0.6738788 0.6421048 -0.2518572 -0.2648713
1305031127.3792620 1.2560707 0.5427358 1.4718841 0.6729181 0.6423971 -0.2532156 -0.2653092
1305031127.4113710 1.2558919 0.5415004 1.4710701 0.6718357 0.6425176 -0.2545318 -0.2664987
1305031127.4473331 1.2527263 0.5410764 1.4701225 0.6704991 0.6429062 -0.2563420 -0.2671919
1305031127.4793620 1.2530202 0.5398254 1.4697263 0.6689785 0.6432163 -0.2579413 -0.2687135
1305031127.5113561 1.2530955 0.5385520 1.4692011 0.6682461 0.6439937 -0.2578807 -0.2687318
1305031127.5473480 1.2483989 0.5391999 1.4692453 0.6677002 0.6444839 -0.2587775 -0.2680506
1305031127.5793450 1.2475224 0.5387842 1.4698431 0.6668248 0.6446156 -0.2598023 -0.2689204
1305031127.6112709 1.2486561 0.5379789 1.4690824 0.6665521 0.6446578 -0.2601557 -0.2691537
1305031127.6473579 1.2460652 0.5383088 1.4681168 0.6673641 0.6439390 -0.2606773 -0.2683564
1305031127.6792979 1.2445365 0.5383943 1.4681159 0.6671005 0.6433923 -0.2623639 -0.2686791
1305031127.7113750 1.2459608 0.5373686 1.4686925 0.6664903 0.6436816 -0.2627207 -0.2691515
1305031127.7473040 1.2459498 0.5370458 1.4688222 0.6665651 0.6437618 -0.2626177 -0.2688749
1305031127.7793460 1.2452272 0.5366141 1.4694488 0.6662171 0.6433464 -0.2635851 -0.2697834
1305031127.8118291 1.2445490 0.5362090 1.4701258 0.6649633 0.6442219 -0.2639882 -0.2703925
1305031127.8473661 1.2439797 0.5358592 1.4709820 0.6645846 0.6448553 -0.2633887 -0.2703985
1305031127.8793800 1.2431676 0.5353217 1.4717331 0.6640306 0.6453951 -0.2634607 -0.2704017
1305031127.9114759 1.2424746 0.5345205 1.4722223 0.6636372 0.6457445 -0.2637474 -0.2702537
1305031127.9473660 1.2427178 0.5335270 1.4717057 0.6637801 0.6460127 -0.2635391 -0.2694639
1305031127.9793711 1.2410157 0.5339536 1.4709830 0.6638269 0.6467365 -0.2632282 -0.2679117
1305031128.0114269 1.2394445 0.5346625 1.4701317 0.6637968 0.6474039 -0.2625292 -0.2670589
1305031128.0473690 1.2361588 0.5363664 1.4689779 0.6656130 0.6467710 -0.2612412 -0.2653295
1305031128.0793340 1.2330461 0.5373373 1.4684191 0.6660514 0.6461993 -0.2617158 -0.2651544
1305031128.1113911 1.2314874 0.5369667 1.4693386 0.6665471 0.6457082 -0.2619685 -0.2648555
1305031128.1474180 1.2296621 0.5365390 1.4698786 0.6679887 0.6447361 -0.2616788 -0.2638762
1305031128.1793499 1.2263007 0.5374636 1.4707641 0.6685010 0.6439739 -0.2623681 -0.2637555
1305031128.2114470 1.2265816 0.5374837 1.4716008 0.6681814 0.6434116 -0.2636169 -0.2646909
1305031128.2474799 1.2271345 0.5371467 1.4713072 0.6684117 0.6432429 -0.2638796 -0.2642573
1305031128.2793360 1.2240604 0.5382601 1.4721170 0.6683306 0.6436815 -0.2640078 -0.2632646
1305031128.3114829 1.2243329 0.5383690 1.4725677 0.6676565 0.6438512 -0.2645417 -0.2640229
1305031128.3474231 1.2251477 0.5376925 1.4724779 0.6670399 0.6443244 -0.2644473 -0.2645213
1305031128.3794041 1.2245073 0.5374795 1.4723192 0.6658443 0.6455235 -0.2642802 -0.2647768
1305031128.4113369 1.2238551 0.5372733 1.4721426 0.6649001 0.6461733 -0.2643596 -0.2654843
1305031128.4472959 1.2236575 0.5366057 1.4726104 0.6642544 0.6467074 -0.2641112 -0.2660468
1305031128.4792960 1.2231077 0.5361164 1.4728513 0.6635342 0.6474776 -0.2637928 -0.2662866
1305031128.5114329 1.2226156 0.5359339 1.4731957 0.6630961 0.6477826 -0.2635659 -0.2668599
1305031128.5473990 1.2220889 0.5360500 1.4734672 0.6629028 0.6480251 -0.2630458 -0.2672643
1305031128.5794549 1.2215482 0.5361484 1.4736997 0.6626549 0.6477128 -0.2631151 -0.2685647
1305031128.6113949 1.2207603 0.5351364 1.4753490 0.6626975 0.6474953 -0.2634949 -0.2686116
1305031128.6473520 1.2199440 0.5341569 1.4769035 0.6623835 0.6479941 -0.2638702 -0.2678140
1305031128.6792819 1.2189013 0.5343294 1.4778219 0.6617333 0.6486029 -0.2647760 -0.2670523
1305031128.7114570 1.2186703 0.5357576 1.4780088 0.6609699 0.6489153 -0.2654255 -0.2675388
1305031128.7473631 1.2191540 0.5368241 1.4781684 0.6601726 0.6493691 -0.2652261 -0.2686021
