1305031546.3439190 1.4595360 0.2347610 2.4997800 0.9580020 0.2246840 -0.1525890 -0.0920040
1305031546.3760560 1.4603880 0.2322170 2.4902610 0.9616550 0.2156300 -0.1444910 -0.0885780
1305031546.4076591 1.4629190 0.2240490 2.4849770 0.9643710 0.2059340 -0.1410340 -0.0876850
1305031546.4439681 1.4676450 0.2163010 2.4741760 0.9668210 0.1968960 -0.1381200 -0.0860950
1305031546.4759960 1.4687180 0.2095880 2.4662680 0.9684830 0.1893640 -0.1369540 -0.0861680
1305031546.5079670 1.4787280 0.1966350 2.4545610 0.9696360 0.1835180 -0.1374860 -0.0849980
1305031546.5440681 1.4761290 0.1938720 2.4462880 0.9716020 0.1794710 -0.1315780 -0.0804200
1305031546.5764120 1.4826490 0.1834120 2.4383830 0.9722900 0.1744670 -0.1313530 -0.0834240
1305031546.6077170 1.4867100 0.1739720 2.4278610 0.9736010 0.1715270 -0.1281530 -0.0791030
1305031546.6442001 1.4875540 0.1648520 2.4184520 0.9750100 0.1684970 -0.1246900 -0.0735960
1305031546.6760030 1.4912210 0.1593080 2.4096620 0.9764420 0.1661810 -0.1212270 -0.0651800
1305031546.7079339 1.4908910 0.1543320 2.4008750 0.9777560 0.1653800 -0.1158210 -0.0568100
1305031546.7438869 1.4953060 0.1494050 2.3907000 0.9786410 0.1642140 -0.1125780 -0.0511970
1305031546.7758639 1.4949420 0.1478200 2.3835480 0.9799890 0.1637840 -0.1052900 -0.0413580
1305031546.8079960 1.4945360 0.1452030 2.3741940 0.9805150 0.1660360 -0.0999000 -0.0322830
1305031546.8440790 1.4910050 0.1436180 2.3677730 0.9809130 0.1670390 -0.0956230 -0.0276400
1305031546.8760641 1.4910270 0.1410010 2.3618590 0.9811440 0.1668430 -0.0945190 -0.0241860
1305031546.9077830 1.4884180 0.1413090 2.3550040 0.9806400 0.1691480 -0.0962510 -0.0216840
1305031546.9438579 1.4872330 0.1447830 2.3497350 0.9802530 0.1712450 -0.0965930 -0.0211670
1305031546.9758840 1.4872510 0.1449680 2.3475880 0.9798790 0.1726130 -0.0973810 -0.0236280
1305031547.0119841 1.4866010 0.1427280 2.3450820 0.9793350 0.1748940 -0.0989010 -0.0230930
1305031547.0442140 1.4833010 0.1422510 2.3396930 0.9785890 0.1771170 -0.1015650 -0.0260310
1305031547.0763459 1.4865850 0.1405760 2.3358820 0.9780350 0.1784340 -0.1036830 -0.0293060
1305031547.1119909 1.4874870 0.1405220 2.3332630 0.9778300 0.1807580 -0.1008520 -0.0316910
1305031547.1440711 1.4860090 0.1444950 2.3343400 0.9778830 0.1812060 -0.0984360 -0.0349230
1305031547.1759090 1.4862680 0.1450830 2.3349190 0.9778610 0.1807910 -0.0972460 -0.0405730
1305031547.2119639 1.4836870 0.1417310 2.3365540 0.9780700 0.1787990 -0.0970680 -0.0445780
1305031547.2441130 1.4850870 0.1427000 2.3375170 0.9775980 0.1791610 -0.1006950 -0.0454350
1305031547.2765460 1.4856260 0.1447890 2.3392320 0.9771610 0.1793020 -0.1034210 -0.0480710
1305031547.3122611 1.4871530 0.1443910 2.3421790 0.9768070 0.1793820 -0.1049090 -0.0516190
1305031547.3441920 1.4878850 0.1447270 2.3452740 0.9764700 0.1799010 -0.1063200 -0.0532670
1305031547.3767531 1.4868040 0.1444440 2.3490240 0.9763380 0.1791970 -0.1075840 -0.0554800
1305031547.4122601 1.4870160 0.1440220 2.3499950 0.9759920 0.1785120 -0.1116330 -0.0557750
1305031547.4444721 1.4876230 0.1453710 2.3514290 0.9756300 0.1779090 -0.1156150 -0.0559270
1305031547.4763470 1.4882690 0.1471530 2.3520280 0.9750740 0.1787370 -0.1183940 -0.0571520
1305031547.5121140 1.4888000 0.1485630 2.3532880 0.9746020 0.1794080 -0.1196600 -0.0603670
1305031547.5440149 1.4898990 0.1475710 2.3527720 0.9743880 0.1797870 -0.1196480 -0.0626820
1305031547.5764370 1.4891060 0.1509100 2.3526390 0.9743790 0.1806200 -0.1190180 -0.0616240
1305031547.6122961 1.4907200 0.1510350 2.3526600 0.9745430 0.1790600 -0.1188700 -0.0638210
1305031547.6441600 1.4901480 0.1500500 2.3523300 0.9746430 0.1787000 -0.1188390 -0.0633680
1305031547.6772871 1.4901610 0.1544480 2.3519300 0.9747400 0.1788110 -0.1192530 -0.0607300
1305031547.7123380 1.4927490 0.1483760 2.3515530 0.9748080 0.1774220 -0.1186340 -0.0647870
1305031547.7443321 1.4913050 0.1515300 2.3483640 0.9751270 0.1785210 -0.1171930 -0.0593630
1305031547.7763901 1.4915590 0.1547060 2.3479140 0.9752480 0.1784590 -0.1161380 -0.0596300
1305031547.8123169 1.4925340 0.1531090 2.3480000 0.9751610 0.1786560 -0.1156150 -0.0614440
1305031547.8445640 1.4931190 0.1540940 2.3464350 0.9752270 0.1794700 -0.1139850 -0.0610770
1305031547.8763621 1.4932830 0.1543110 2.3460590 0.9754600 0.1786310 -0.1124580 -0.0626190
1305031547.9127440 1.4943250 0.1532540 2.3462780 0.9754300 0.1789620 -0.1124520 -0.0621630
1305031547.9443040 1.4943380 0.1549030 2.3464230 0.9755640 0.1786560 -0.1121250 -0.0615200
