1305031251.9298980 1.621469 0.649915 1.606528 0.621038 0.423192 -0.541185 -0.377279
1305031251.9619040 1.620437 0.651576 1.604351 0.627501 0.407457 -0.552492 -0.367388
1305031251.9983430 1.618754 0.653841 1.602304 0.631885 0.392833 -0.564108 -0.358031
1305031252.0297840 1.623509 0.660324 1.5959 0.637592 0.372767 -0.577699 -0.347541
1305031252.0620170 1.62654 0.658426 1.592221 0.648415 0.349723 -0.587637 -0.334566
1305031252.0987351 1.628975 0.649453 1.60517 0.664134 0.323105 -0.592102 -0.322404
1305031252.1297190 1.625829 0.662017 1.592386 0.66971 0.302768 -0.604104 -0.308022
1305031252.1617780 1.631206 0.680971 1.576614 0.678669 0.273543 -0.613859 -0.296242
1305031252.1978519 1.646875 0.67761 1.573027 0.689702 0.249983 -0.61562 -0.287805
1305031252.2298820 1.657367 0.672395 1.572123 0.704112 0.233629 -0.612411 -0.273125
1305031252.2617469 1.659049 0.668794 1.56538 0.715292 0.21559 -0.61202 -0.259442
1305031252.2976711 1.666145 0.665661 1.560053 0.720158 0.199194 -0.612203 -0.258652
1305031252.3299539 1.656982 0.680345 1.558144 0.72861 0.189561 -0.609973 -0.247241
1305031252.3616869 1.655771 0.685714 1.559275 0.735982 0.177154 -0.608686 -0.237588
1305031252.3974941 1.659142 0.680347 1.56485 0.741811 0.169412 -0.608785 -0.224492
1305031252.4296720 1.662892 0.674767 1.557203 0.745194 0.159797 -0.611054 -0.213925
1305031252.4617219 1.662222 0.681198 1.560204 0.74668 0.154311 -0.612637 -0.208166
1305031252.4976549 1.657635 0.687464 1.555243 0.748746 0.152475 -0.612997 -0.200914
1305031252.5296919 1.659466 0.677961 1.554972 0.748928 0.149499 -0.614575 -0.197624
1305031252.5618620 1.661897 0.68009 1.56419 0.748379 0.147732 -0.617835 -0.190746
1305031252.5976470 1.653806 0.68578 1.559939 0.746532 0.146383 -0.62274 -0.182913
1305031252.6298389 1.651848 0.68419 1.558386 0.742502 0.148849 -0.625967 -0.18628
1305031252.6615939 1.645778 0.689464 1.556384 0.736876 0.159638 -0.626398 -0.197875
1305031252.6980121 1.649833 0.68663 1.553993 0.732089 0.174109 -0.620506 -0.220688
1305031252.7298110 1.646669 0.687373 1.563546 0.730308 0.196944 -0.605535 -0.247368
1305031252.7616799 1.645205 0.67832 1.558926 0.725597 0.219996 -0.586113 -0.285626
1305031252.7976830 1.647627 0.691276 1.565576 0.723049 0.24129 -0.566165 -0.313747
1305031252.8310211 1.656663 0.674542 1.572074 0.721809 0.261369 -0.548649 -0.331153
1305031252.8658040 1.661224 0.663948 1.576529 0.718625 0.274645 -0.536306 -0.347166
1305031252.8975971 1.660578 0.681413 1.571895 0.717082 0.287354 -0.527989 -0.352774
1305031252.9296870 1.655413 0.683837 1.573636 0.709953 0.309493 -0.516257 -0.365594
1305031252.9657710 1.656794 0.667432 1.57993 0.700106 0.332533 -0.502043 -0.3837
1305031252.9976521 1.657087 0.66267 1.579776 0.691161 0.356019 -0.486861 -0.398138
1305031253.0298841 1.655427 0.659134 1.580684 0.683048 0.379319 -0.47072 -0.409861
1305031253.0659010 1.651331 0.658783 1.584824 0.673956 0.400183 -0.458393 -0.418941
1305031253.0979469 1.647735 0.658398 1.59139 0.663223 0.420241 -0.446327 -0.429331
1305031253.1297281 1.64824 0.650422 1.605557 0.649721 0.439787 -0.435543 -0.441307
1305031253.1659770 1.649941 0.644865 1.607654 0.632443 0.460149 -0.431299 -0.449733
1305031253.1976099 1.649309 0.643019 1.606556 0.622869 0.473735 -0.427854 -0.452272
1305031253.2299061 1.647788 0.642012 1.608025 0.620628 0.482107 -0.427657 -0.446658
1305031253.2655361 1.645469 0.640665 1.609399 0.618902 0.488586 -0.43234 -0.437408
1305031253.2976000 1.641106 0.644935 1.610403 0.618231 0.491504 -0.438759 -0.428608
1305031253.3299720 1.631773 0.654996 1.611478 0.617455 0.489442 -0.446964 -0.423578
1305031253.3662570 1.632839 0.656497 1.608936 0.615576 0.48453 -0.454227 -0.424235
1305031253.3977351 1.631567 0.656114 1.608713 0.614486 0.481342 -0.458654 -0.42468
1305031253.4297531 1.631341 0.656292 1.608183 0.612198 0.477943 -0.46265 -0.42748
1305031253.4657159 1.632769 0.655774 1.605514 0.610065 0.476345 -0.462709 -0.432222
1305031253.4976971 1.631988 0.654519 1.604975 0.609485 0.475374 -0.461403 -0.435494
1305031253.5297060 1.630815 0.65269 1.606721 0.609071 0.47236 -0.462476 -0.438206
1305031253.5656700 1.63364 0.646203 1.603566 0.607903 0.471798 -0.463604 -0.43924
1305031253.5981209 1.633501 0.64737 1.599509 0.607271 0.473978 -0.464588 -0.43672
