1305031546.3439190 1.4595360 0.2347610 2.4997800 0.958002 0.224684 -0.152589 -0.0920040
1305031546.3760560 1.4603880 0.2322170 2.4902610 0.961655 0.215630 -0.144491 -0.0885780
1305031546.4076591 1.4629190 0.2240490 2.4849770 0.964371 0.205934 -0.141034 -0.0876850
1305031546.4439681 1.4676450 0.2163010 2.4741760 0.966821 0.196896 -0.138120 -0.0860950
1305031546.4759960 1.4687180 0.2095880 2.4662680 0.968483 0.189364 -0.136954 -0.0861680
1305031546.5079670 1.4787280 0.1966350 2.4545610 0.969636 0.183518 -0.137486 -0.0849980
1305031546.5440681 1.4761290 0.1938720 2.4462880 0.971602 0.179471 -0.131578 -0.0804200
1305031546.5764120 1.4826490 0.1834120 2.4383830 0.972290 0.174467 -0.131353 -0.0834240
1305031546.6077170 1.4867100 0.1739720 2.4278610 0.973601 0.171527 -0.128153 -0.0791030
1305031546.6442001 1.4875540 0.1648520 2.4184520 0.975010 0.168497 -0.124690 -0.0735960
1305031546.6760030 1.4912210 0.1593080 2.4096620 0.976442 0.166181 -0.121227 -0.0651800
1305031546.7079339 1.4908910 0.1543320 2.4008750 0.977756 0.165380 -0.115821 -0.0568100
1305031546.7438869 1.4953060 0.1494050 2.3907000 0.978641 0.164214 -0.112578 -0.0511970
1305031546.7758639 1.4949420 0.1478200 2.3835480 0.979989 0.163784 -0.105290 -0.0413580
1305031546.8079960 1.4945360 0.1452030 2.3741940 0.980515 0.166036 -0.099900  0.0322830
1305031546.8440790 1.4910050 0.1436180 2.3677730 0.980913 0.167039 -0.095623 -0.0276400
1305031546.8760641 1.4910270 0.1410010 2.3618590 0.981144 0.166843 -0.094519 -0.0241860
1305031546.9077830 1.4884180 0.1413090 2.3550040 0.980640 0.169148 -0.096251 -0.0216840
1305031546.9438579 1.4872330 0.1447830 2.3497350 0.980253 0.171245 -0.096593 -0.0211670
1305031546.9758840 1.4872510 0.1449680 2.3475880 0.979879 0.172613 -0.097381 -0.0236280
1305031547.0119841 1.4866010 0.1427280 2.3450820 0.979335 0.174894 -0.098901 -0.0230930
1305031547.0442140 1.4833010 0.1422510 2.3396930 0.978589 0.177117 -0.101565 -0.0260310
1305031547.0763459 1.4865850 0.1405760 2.3358820 0.978035 0.178434 -0.103683 -0.0293060
1305031547.1119909 1.4874870 0.1405220 2.3332630 0.977830 0.180758 -0.100852 -0.0316910
1305031547.1440711 1.4860090 0.1444950 2.3343400 0.977883 0.181206 -0.098436 -0.0349230
1305031547.1759090 1.4862680 0.1450830 2.3349190 0.977861 0.180791 -0.097246 -0.0405730
1305031547.2119639 1.4836870 0.1417310 2.3365540 0.978070 0.178799 -0.097068 -0.0445780
1305031547.2441130 1.4850870 0.1427000 2.3375170 0.977598 0.179161 -0.100695 -0.0454350
1305031547.2765460 1.4856260 0.1447890 2.3392320 0.977161 0.179302 -0.103421 -0.0480710
1305031547.3122611 1.4871530 0.1443910 2.3421790 0.976807 0.179382 -0.104909 -0.0516190
1305031547.3441920 1.4878850 0.1447270 2.3452740 0.976470 0.179901 -0.106320 -0.0532670
1305031547.3767531 1.4868040 0.1444440 2.3490240 0.976338 0.179197 -0.107584 -0.0554800
1305031547.4122601 1.4870160 0.1440220 2.3499950 0.975992 0.178512 -0.111633 -0.0557750
1305031547.4444721 1.4876230 0.1453710 2.3514290 0.975630 0.177909 -0.115615 -0.0559270
1305031547.4763470 1.4882690 0.1471530 2.3520280 0.975074 0.178737 -0.118394 -0.0571520
1305031547.5121140 1.4888000 0.1485630 2.3532880 0.974602 0.179408 -0.119660 -0.0603670
1305031547.5440149 1.4898990 0.1475710 2.3527720 0.974388 0.179787 -0.119648 -0.0626820
1305031547.5764370 1.4891060 0.1509100 2.3526390 0.974379 0.180620 -0.119018 -0.0616240
1305031547.6122961 1.4907200 0.1510350 2.3526600 0.974543 0.179060 -0.118870 -0.0638210
1305031547.6441600 1.4901480 0.1500500 2.3523300 0.974643 0.178700 -0.118839 -0.0633680
1305031547.6772871 1.4901610 0.1544480 2.3519300 0.974740 0.178811 -0.119253 -0.0607300
1305031547.7123380 1.4927490 0.1483760 2.3515530 0.974808 0.177422 -0.118634 -0.0647870
1305031547.7443321 1.4913050 0.1515300 2.3483640 0.975127 0.178521 -0.117193 -0.0593630
1305031547.7763901 1.4915590 0.1547060 2.3479140 0.975248 0.178459 -0.116138 -0.0596300
1305031547.8123169 1.4925340 0.1531090 2.3480000 0.975161 0.178656 -0.115615 -0.0614440
1305031547.8445640 1.4931190 0.1540940 2.3464350 0.975227 0.179470 -0.113985 -0.0610770
1305031547.8763621 1.4932830 0.1543110 2.3460590 0.975460 0.178631 -0.112458 -0.0626190
1305031547.9127440 1.4943250 0.1532540 2.3462780 0.975430 0.178962 -0.112452 -0.0621630
1305031547.9443040 1.4943380 0.1549030 2.3464230 0.975564 0.178656 -0.112125 -0.0615200
