1305031251.9298980 1.6214689 0.6499155 1.6065276 0.6210382 0.4231916 -0.5411849 -0.3772790
1305031251.9619040 1.6204365 0.6515759 1.6043509 0.6275005 0.4074574 -0.5524919 -0.3673884
1305031251.9983430 1.6187539 0.6538405 1.6023035 0.6318849 0.3928329 -0.5641075 -0.3580314
1305031252.0297840 1.6224930 0.6561007 1.5986723 0.6379482 0.3729317 -0.5768516 -0.3481183
1305031252.0620170 1.6265400 0.6584260 1.5922213 0.6484153 0.3497231 -0.5876369 -0.3345659
1305031252.0987351 1.6279070 0.6618616 1.5875879 0.6605240 0.3244963 -0.5963311 -0.3206234
1305031252.1297190 1.6282856 0.6693051 1.5844427 0.6699789 0.3009983 -0.6055155 -0.3063974
1305031252.1617780 1.6315780 0.6783463 1.5773606 0.6784199 0.2739210 -0.6136862 -0.2968215
1305031252.1978519 1.6471629 0.6776913 1.5726912 0.6896533 0.2499410 -0.6156891 -0.2878103
1305031252.2298820 1.6574250 0.6714319 1.5711131 0.7042673 0.2332319 -0.6125993 -0.2726398
1305031252.2617469 1.6610897 0.6694670 1.5690107 0.7156849 0.2141741 -0.6119936 -0.2595928
1305031252.2976711 1.6577025 0.6745157 1.5652340 0.7210737 0.2006687 -0.6115288 -0.2565490
1305031252.3299539 1.6551525 0.6813988 1.5607507 0.7285096 0.1904982 -0.6098044 -0.2472302
1305031252.3616869 1.6551960 0.6862400 1.5601489 0.7359322 0.1774704 -0.6086802 -0.2375217
1305031252.3974941 1.6612151 0.6866979 1.5623529 0.7413629 0.1693096 -0.6093641 -0.2244789
1305031252.4296720 1.6606670 0.6870785 1.5622565 0.7448241 0.1611965 -0.6115117 -0.2128527
1305031252.4617219 1.6618007 0.6852301 1.5614629 0.7467264 0.1552906 -0.6126050 -0.2073636
1305031252.4976549 1.6607570 0.6838731 1.5602832 0.7486540 0.1526399 -0.6125913 -0.2023613
1305031252.5296919 1.6594605 0.6847682 1.5617370 0.7489478 0.1494571 -0.6145653 -0.1976091
1305031252.5618620 1.6617284 0.6798970 1.5636504 0.7484595 0.1476176 -0.6177973 -0.1906409
1305031252.5976470 1.6541331 0.6848158 1.5597128 0.7466622 0.1459603 -0.6226827 -0.1829134
1305031252.6298389 1.6515028 0.6860980 1.5579125 0.7423194 0.1492660 -0.6261844 -0.1859426
1305031252.6615939 1.6475453 0.6855819 1.5561907 0.7370582 0.1587052 -0.6261936 -0.1985936
1305031252.6980121 1.6469520 0.6832812 1.5566298 0.7326256 0.1743245 -0.6199363 -0.2203399
1305031252.7298110 1.6479457 0.6802048 1.5582288 0.7297343 0.1968350 -0.6060094 -0.2479847
1305031252.7616799 1.6460285 0.6811161 1.5583301 0.7256969 0.2195485 -0.5861115 -0.2857197
1305031252.7976830 1.6535009 0.6785259 1.5628464 0.7233615 0.2391197 -0.5654996 -0.3158800
1305031252.8310211 1.6591470 0.6746212 1.5694186 0.7229397 0.2589596 -0.5485514 -0.3307408
1305031252.8658040 1.6609596 0.6731020 1.5728989 0.7195104 0.2733302 -0.5371185 -0.3451072
1305031252.8975971 1.6605776 0.6714760 1.5761655 0.7159646 0.2890187 -0.5270793 -0.3550356
1305031252.9296870 1.6560986 0.6718131 1.5780875 0.7089049 0.3108280 -0.5150534 -0.3681845
1305031252.9657710 1.6567936 0.6674322 1.5799299 0.7001063 0.3325326 -0.5020433 -0.3837000
1305031252.9976521 1.6570868 0.6626697 1.5797762 0.6911605 0.3560185 -0.4868611 -0.3981384
1305031253.0298841 1.6554272 0.6591343 1.5806840 0.6830476 0.3793194 -0.4707196 -0.4098608
1305031253.0659010 1.6513311 0.6587829 1.5848243 0.6739565 0.4001835 -0.4583931 -0.4189411
1305031253.0979469 1.6477347 0.6583979 1.5913898 0.6632232 0.4202413 -0.4463266 -0.4293306
1305031253.1297281 1.6482396 0.6504218 1.6055567 0.6497211 0.4397867 -0.4355434 -0.4413073
1305031253.1659770 1.6499412 0.6448654 1.6076541 0.6324428 0.4601490 -0.4312992 -0.4497332
1305031253.1976099 1.6493095 0.6430194 1.6065565 0.6228693 0.4737348 -0.4278539 -0.4522723
1305031253.2299061 1.6477883 0.6420117 1.6080250 0.6206276 0.4821072 -0.4276571 -0.4466580
1305031253.2655361 1.6454689 0.6406650 1.6093991 0.6189023 0.4885856 -0.4323405 -0.4374080
1305031253.2976000 1.6411059 0.6449349 1.6104026 0.6182314 0.4915035 -0.4387587 -0.4286082
1305031253.3299720 1.6317730 0.6549956 1.6114784 0.6174550 0.4894425 -0.4469641 -0.4235783
1305031253.3662570 1.6328386 0.6564972 1.6089364 0.6155756 0.4845300 -0.4542272 -0.4242346
1305031253.3977351 1.6315671 0.6561136 1.6087134 0.6144862 0.4813422 -0.4586539 -0.4246798
1305031253.4297531 1.6313412 0.6562922 1.6081827 0.6121981 0.4779426 -0.4626501 -0.4274802
1305031253.4657159 1.6327685 0.6557744 1.6055136 0.6100654 0.4763454 -0.4627089 -0.4322219
1305031253.4976971 1.6319883 0.6545191 1.6049751 0.6094850 0.4753739 -0.4614026 -0.4354943
1305031253.5297060 1.6308151 0.6526901 1.6067211 0.6090707 0.4723599 -0.4624761 -0.4382063
1305031253.5656700 1.6336399 0.6462028 1.6035657 0.6079033 0.4717979 -0.4636038 -0.4392402
1305031253.5981209 1.6335007 0.6473703 1.5995092 0.6072715 0.4739780 -0.4645879 -0.4367199
